0 FILE MSP.ldr
0 WRITE M-077 Mobile Support Platform (MSP)
0 WRITE Name: MSP.mpd
0 WRITE Author: Mladen Pejic
0 WRITE Website: http://www3.sympatico.ca/mladenpejic/
0 WRITE E-Mail: mladenpejic@sympatico.ca
0 ROTATION CENTER 0 0 0 1 "Custom" 
0 ROTATION CONFIG 0 0
1 0 0 0 0 1 0 0 0 1 0 0 0 1 axis20x.dat
1 7 0 -468 0 0 0 1 0 1 0 -1 0 0 3021.DAT
1 8 0 -460 -10 1 0 0 0 1 0 0 0 1 4589.DAT
1 8 0 -460 10 1 0 0 0 1 0 0 0 1 4589.DAT
1 7 20 -476 -30 1 0 0 0 1 0 0 0 1 2444.DAT
1 7 -20 -476 -30 -1 0 0 0 1 0 0 0 -1 2444.DAT
1 7 -20 -476 30 -1 0 0 0 1 0 0 0 -1 2444.DAT
1 7 20 -476 30 1 0 0 0 1 0 0 0 1 2444.DAT
1 0 40 -466 -30 1 0 0 0 1 0 0 0 1 4459.DAT
1 0 -40 -466 -30 1 0 0 0 1 0 0 0 1 4459.DAT
1 0 -40 -466 30 1 0 0 0 1 0 0 0 1 4459.DAT
1 0 40 -466 30 1 0 0 0 1 0 0 0 1 4459.DAT
1 7 0 -484 -30 1 0 0 0 1 0 0 0 1 3068B.DAT
1 7 0 -484 30 1 0 0 0 1 0 0 0 1 3068B.DAT
1 7 30 -484 -30 0 0 1 0 1 0 -1 0 0 3794.DAT
1 7 -30 -484 -30 0 0 1 0 1 0 -1 0 0 3794.DAT
1 7 -30 -484 30 0 0 1 0 1 0 -1 0 0 3794.DAT
1 7 30 -484 30 0 0 1 0 1 0 -1 0 0 3794.DAT
1 7 80 -484 0 0 0 1 0 1 0 -1 0 0 3794.DAT
1 7 -80 -484 0 0 0 1 0 1 0 -1 0 0 3794.DAT
1 7 80 -476 0 0 0 1 0 1 0 -1 0 0 3938.DAT
1 7 -80 -476 0 0 0 1 0 1 0 -1 0 0 3938.DAT
1 7 120 -484 0 0 0 -1 0 1 0 1 0 0 2626.DAT
1 7 -120 -484 0 0 0 1 0 1 0 -1 0 0 2626.DAT
1 7 140 -460 0 1 0 0 0 1 0 0 0 1 2654.DAT
1 7 -140 -460 0 1 0 0 0 1 0 0 0 1 2654.DAT
1 7 76.5 -475.5 0 0.93358 0.358368 0 -0.358368 0.93358 0 0 0 1 MSPthruster1.ldr
1 7 -76.5 -475.5 0 -0.93358 -0.358368 0 -0.358368 0.93358 0 0 0 -1 MSPthruster1.ldr
1 7 50 -475.75 -27.5 1 0 0 0 0.965926 0.258819 0 -0.258819 0.965926 MSPthruster2.ldr
1 7 -50 -475.75 -27.5 -1 0 0 0 0.965926 -0.258819 0 -0.258819 -0.965926 MSPthruster2.ldr
1 7 -50 -475.75 27.5 -1 0 0 0 0.965926 0.258819 0 0.258819 -0.965926 MSPthruster2.ldr
1 7 50 -475.75 27.5 1 0 0 0 0.965926 -0.258819 0 0.258819 0.965926 MSPthruster2.ldr
1 7 80 -492 0 1 0 0 0 1 0 0 0 1 3036.DAT
1 7 -80 -492 0 1 0 0 0 1 0 0 0 1 3036.DAT
1 7 170 -492 -10 1 0 0 0 1 0 0 0 1 4085C.DAT
1 7 170 -492 10 -1 0 0 0 1 0 0 0 -1 4085C.DAT
1 7 -170 -492 10 0 0 1 0 1 0 -1 0 0 4085C.DAT
1 7 -170 -492 -10 0 0 1 0 1 0 -1 0 0 4085C.DAT
1 7 170 -484 -30 0.933013 -0.25 0.258819 0.258819 0.965926 0 -0.25 0.0669873 0.965926 MSP20mm.ldr
1 7 170 -484 30 0.933013 -0.25 -0.258819 0.258819 0.965926 0 0.25 -0.0669873 0.965926 MSP20mm.ldr
1 7 -199.5 -482 -12.5 0.933013 -0.25 -0.258819 0.258819 0.965926 0 0.25 -0.0669873 0.965926 MSPthruster3.ldr
1 7 -199.5 -482 12.5 0.933013 -0.25 0.258819 0.258819 0.965926 0 -0.25 0.0669873 0.965926 MSPthruster3.ldr
1 1 0 -500 0 1 0 0 0 1 0 0 0 1 3795.DAT
1 1 -90 -500 0 1 0 0 0 1 0 0 0 1 3021.DAT
1 1 90 -500 0 1 0 0 0 1 0 0 0 1 3021.DAT
1 1 -140 -500 0 1 0 0 0 1 0 0 0 1 3068B.DAT
1 1 140 -500 0 1 0 0 0 1 0 0 0 1 3068B.DAT
1 1 -170 -500 0 0 0 1 0 1 0 -1 0 0 3794.DAT
1 1 170 -500 0 0 0 1 0 1 0 -1 0 0 3794.DAT
1 8 170 -508 0 1 0 0 0 1 0 0 0 1 4740.DAT
1 8 170 -513 0 0 0 -1 0 1 0 1 0 0 30162.DAT
1 8 230 -513 -6 0 -1 0 1 0 0 0 0 1 6246A.DAT
1 8 230 -513 6 0 -1 0 1 0 0 0 0 1 6246A.DAT
1 8 -170 -508 0 0 0 1 0 1 0 -1 0 0 2555.DAT
1 8 -180 -514 0 0 1 0 0 0 -1 -1 0 0 3837.DAT
1 1 -140 -500 -40 1 0 0 0 1 0 0 0 1 3680.DAT
1 1 -140 -500 40 1 0 0 0 1 0 0 0 1 3680.DAT
1 1 140 -500 40 1 0 0 0 1 0 0 0 1 3680.DAT
1 1 140 -500 -40 1 0 0 0 1 0 0 0 1 3680.DAT
1 1 -100 -500 -40 1 0 0 0 1 0 0 0 1 3068B.DAT
1 1 -100 -500 40 1 0 0 0 1 0 0 0 1 3068B.DAT
1 1 100 -500 40 1 0 0 0 1 0 0 0 1 3068B.DAT
1 1 100 -500 -40 1 0 0 0 1 0 0 0 1 3068B.DAT
1 1 -60 -500 -40 1 0 0 0 1 0 0 0 1 3022.DAT
1 1 60 -500 40 1 0 0 0 1 0 0 0 1 3022.DAT
1 1 20 -500 -40 1 0 0 0 1 0 0 0 1 3795.DAT
1 1 -20 -500 40 1 0 0 0 1 0 0 0 1 3795.DAT
1 7 0 -524 0 1 0 0 0 1 0 0 0 1 3007.DAT
1 7 90 -524 -10 1 0 0 0 1 0 0 0 1 3040B.DAT
1 7 -90 -524 -10 1 0 0 0 1 0 0 0 1 3040B.DAT
1 7 -90 -524 10 -1 0 0 0 1 0 0 0 -1 3040B.DAT
1 7 90 -524 10 -1 0 0 0 1 0 0 0 -1 3040B.DAT
1 7 110 -524 0 0 0 -1 0 1 0 1 0 0 2877.DAT
1 7 -110 -524 0 0 0 1 0 1 0 -1 0 0 2877.DAT
1 7 50 -524 -30 1 0 0 0 1 0 0 0 1 3622.DAT
1 7 -50 -524 -30 1 0 0 0 1 0 0 0 1 3622.DAT
1 7 -50 -524 30 1 0 0 0 1 0 0 0 1 3622.DAT
1 7 50 -524 30 1 0 0 0 1 0 0 0 1 3622.DAT
1 7 10 -524 -40 0 0 1 0 1 0 -1 0 0 30365.DAT
1 7 -10 -524 -40 0 0 1 0 1 0 -1 0 0 30365.DAT
1 7 -10 -524 40 0 0 -1 0 1 0 1 0 0 30365.DAT
1 7 10 -524 40 0 0 -1 0 1 0 1 0 0 30365.DAT
1 7 40 -524 -50 1 0 0 0 1 0 0 0 1 2877.DAT
1 7 -40 -524 -50 1 0 0 0 1 0 0 0 1 2877.DAT
1 7 -40 -524 50 -1 0 0 0 1 0 0 0 -1 2877.DAT
1 7 40 -524 50 -1 0 0 0 1 0 0 0 -1 2877.DAT
1 7 70 -524 -50 1 0 0 0 1 0 0 0 1 3062B.DAT
1 7 -70 -524 -50 1 0 0 0 1 0 0 0 1 3062B.DAT
1 7 -70 -524 50 1 0 0 0 1 0 0 0 1 3062B.DAT
1 7 70 -524 50 1 0 0 0 1 0 0 0 1 3062B.DAT
1 7 0 -436 -221.25 0 0 1 0.382683 0.92388 0 -0.92388 0.382683 0 MSPleg2middle.ldr
1 7 0 -436 221.25 0 0 -1 0.382683 0.92388 0 0.92388 -0.382683 0 MSPleg2middle.ldr
1 7 140 -500 -40 0.707107 0 0.707107 0 1 0 -0.707107 0 0.707107 MSPleg3.ldr
1 7 -140 -500 -40 -0.707107 0 0.707107 0 1 0 -0.707107 0 -0.707107 MSPleg3.ldr
1 7 -140 -500 40 -0.707107 0 -0.707107 0 1 0 0.707107 0 -0.707107 MSPleg3.ldr
1 7 140 -500 40 0.707107 0 -0.707107 0 1 0 0.707107 0 0.707107 MSPleg3.ldr
1 8 100 -532 0 1 0 0 0 1 0 0 0 1 3022.DAT
1 8 -100 -532 0 1 0 0 0 1 0 0 0 1 3022.DAT
1 8 40 -532 0 0 0 1 0 1 0 -1 0 0 3032.DAT
1 8 -40 -532 0 0 0 1 0 1 0 -1 0 0 3032.DAT
1 7 0 -540 0 1 0 0 0 1 0 0 0 1 3033.DAT
1 7 110 -540 0 0 0 1 0 1 0 -1 0 0 3023.DAT
1 7 -110 -540 0 0 0 1 0 1 0 -1 0 0 3023.DAT
1 7 80 -548 0 1 0 0 0 1 0 0 0 1 3036.DAT
1 7 -80 -548 0 1 0 0 0 1 0 0 0 1 3036.DAT
1 42 150 -556 -50 1 0 0 0 1 0 0 0 1 4073.DAT
1 42 -150 -556 -50 1 0 0 0 1 0 0 0 1 4073.DAT
1 42 -150 -556 50 1 0 0 0 1 0 0 0 1 4073.DAT
1 42 150 -556 50 1 0 0 0 1 0 0 0 1 4073.DAT
1 7 150 -572 -10 1 0 0 0 1 0 0 0 1 3040B.DAT
1 7 -150 -572 -10 1 0 0 0 1 0 0 0 1 3040B.DAT
1 7 -150 -572 10 -1 0 0 0 1 0 0 0 -1 3040B.DAT
1 7 150 -572 10 -1 0 0 0 1 0 0 0 -1 3040B.DAT
1 7 80 -572 0 -1 0 0 0 1 0 0 0 -1 4509.DAT
1 7 -60 -572 0 1 0 0 0 1 0 0 0 1 3007.DAT
1 7 -10 -572 -30 1 0 0 0 1 0 0 0 1 3622.DAT
1 7 -110 -572 -30 1 0 0 0 1 0 0 0 1 3622.DAT
1 7 -110 -572 30 1 0 0 0 1 0 0 0 1 3622.DAT
1 7 -10 -572 30 1 0 0 0 1 0 0 0 1 3622.DAT
1 7 -60 -572 -30 1 0 0 0 1 0 0 0 1 30236.DAT
1 7 -60 -572 30 -1 0 0 0 1 0 0 0 -1 30236.DAT
1 7 -44 -562 -50 0 1 0 -1 0 0 0 0 1 3062B.DAT
1 7 -76 -562 -50 0 -1 0 1 0 0 0 0 1 3062B.DAT
1 7 -76 -562 50 0 -1 0 1 0 0 0 0 1 3062B.DAT
1 7 -44 -562 50 0 1 0 -1 0 0 0 0 1 3062B.DAT
1 7 0 -572 -50 1 0 0 0 1 0 0 0 1 2877.DAT
1 7 0 -572 50 -1 0 0 0 1 0 0 0 -1 2877.DAT
1 7 -120 -572 -50 1 0 0 0 1 0 0 0 1 3700.DAT
1 7 -120 -572 50 1 0 0 0 1 0 0 0 1 3700.DAT
1 1 -120 -562 -60 0 0 1 0 1 0 -1 0 0 4274.DAT
1 1 -120 -562 60 0 0 -1 0 1 0 1 0 0 4274.DAT
1 8 -120 -562 -68 1 0 0 0 0 -1 0 1 0 4740.DAT
1 8 -120 -562 68 1 0 0 0 0 1 0 -1 0 4740.DAT
1 7 -80 -580 0 1 0 0 0 1 0 0 0 1 3036.DAT
1 7 10 -580 -40 0 0 -1 0 1 0 1 0 0 2540.DAT
1 7 10 -580 40 0 0 -1 0 1 0 1 0 0 2540.DAT
1 7 80 -580 0 1 0 0 0 1 0 0 0 1 3034.DAT
1 8 -150 -588 10 0 0 1 0 1 0 -1 0 0 4085C.DAT
1 8 -150 -588 -10 0 0 1 0 1 0 -1 0 0 4085C.DAT
0 WRITE Next Piece Should Be Buzz Saw (RES-Q)
1 8 -174 -561 -21 0 -1 0 1 0 0 0 0 1 30194mockup.ldr
0 WRITE Next Piece Should Be Buzz Saw (RES-Q)
1 8 -166 -561 21 0 1 0 1 0 0 0 0 -1 30194mockup.ldr
1 42 -150 -596 -10 1 0 0 0 1 0 0 0 1 4073.DAT
1 42 -150 -596 10 1 0 0 0 1 0 0 0 1 4073.DAT
1 8 -150 -604 0 0 0 1 0 1 0 -1 0 0 3023.DAT
1 8 -130 -604 -30 0 0 1 0 1 0 -1 0 0 3063.DAT
1 8 -130 -604 30 -1 0 0 0 1 0 0 0 -1 3063.DAT
1 8 -40 -604 0 1 0 0 0 1 0 0 0 1 3006.DAT
1 8 -60 -604 -40 1 0 0 0 1 0 0 0 1 2456.DAT
1 8 -60 -604 40 1 0 0 0 1 0 0 0 1 2456.DAT
1 8 10 -604 -40 0 0 -1 0 1 0 1 0 0 3747.DAT
1 8 10 -604 40 0 0 -1 0 1 0 1 0 0 3747.DAT
1 8 80 -604 -10 1 0 0 0 1 0 0 0 1 3660.DAT
1 8 80 -604 10 -1 0 0 0 1 0 0 0 -1 3660.DAT
1 8 120 -604 10 -1 0 0 0 1 0 0 0 -1 3660.DAT
1 8 120 -604 -10 1 0 0 0 1 0 0 0 1 3660.DAT
1 8 150 -604 0 0 0 -1 0 1 0 1 0 0 3747.DAT
1 7 190 -612 10 0 0 -1 0 1 0 1 0 0 4081B.DAT
1 7 190 -612 -10 0 0 -1 0 1 0 1 0 0 6019.DAT
1 42 210 -610 22 1 0 0 0 0 1 0 -1 0 4073.DAT
1 42 220 -580 -10 0 -1 0 1 0 0 0 0 1 MSP40mm.ldr
1 7 -150 -612 0 0 0 1 0 1 0 -1 0 0 2431.DAT
1 7 -90 -612 0 0 0 1 0 1 0 -1 0 0 2431.DAT
1 7 -40 -612 0 1 0 0 0 1 0 0 0 1 3022.DAT
1 7 -10 -612 0 0 0 1 0 1 0 -1 0 0 3069B.DAT
1 7 30 -612 0 1 0 0 0 1 0 0 0 1 3021.DAT
1 7 0 -612 -30 1 0 0 0 1 0 0 0 1 2431.DAT
1 7 0 -612 30 1 0 0 0 1 0 0 0 1 2431.DAT
1 7 50 -636 0 0 0 1 0 1 0 -1 0 0 3039P34.DAT
1 7 -30 -636 0 0 0 -1 0 1 0 1 0 0 3048.DAT
1 7 -120 -628 0 0 0 1 0 1 0 -1 0 0 2456.DAT
1 7 -70 -628 0 0 0 1 0 1 0 -1 0 0 3010.DAT
1 7 -50 -628 -30 1 0 0 0 1 0 0 0 1 3062B.DAT
1 7 -50 -628 30 1 0 0 0 1 0 0 0 1 3062B.DAT
1 7 -20 -628 -60 1 0 0 0 1 0 0 0 1 2456.DAT
1 7 -20 -628 60 1 0 0 0 1 0 0 0 1 2456.DAT
1 7 0 -636 -50 1 0 0 0 1 0 0 0 1 2431.DAT
1 7 0 -636 50 1 0 0 0 1 0 0 0 1 2431.DAT
1 7 50 -628 -60 0 0 -1 0 1 0 1 0 0 3660.DAT
1 7 50 -628 60 0 0 -1 0 1 0 1 0 0 3660.DAT
1 7 100 -628 0 1 0 0 0 1 0 0 0 1 3001.DAT
1 7 70 -652 0 0 0 1 0 1 0 -1 0 0 3937.DAT
1 7 80 -628 -30 1 0 0 0 1 0 0 0 1 3010.DAT
1 7 80 -628 30 1 0 0 0 1 0 0 0 1 3010.DAT
1 7 190 -620 0 0 0 1 0 1 0 -1 0 0 3023.DAT
1 7 130 -628 0 0 0 -1 0 1 0 1 0 0 2399.DAT
1 7 150 -628 0 0 0 1 0 1 0 -1 0 0 3023.DAT
1 7 170 -644 0 0 0 -1 0 1 0 1 0 0 3039.DAT
1 7 140 -636 0 1 0 0 0 1 0 0 0 1 3022.DAT
1 7 140 -644 0 1 0 0 0 1 0 0 0 1 3022.DAT
1 7 140 -652 0 0 0 -1 0 1 0 1 0 0 3956.DAT
1 7 130 -652 -30 0 0 -1 0 1 0 1 0 0 4070.DAT
1 7 130 -652 30 0 0 -1 0 1 0 1 0 0 4070.DAT
1 7 144 -642 -30 0 -1 0 1 0 0 0 0 1 4073.DAT
1 7 144 -642 30 0 -1 0 1 0 0 0 0 1 4073.DAT
1 7 152 -642 30 0 -1 0 1 0 0 0 0 1 4073.DAT
1 7 152 -642 -30 0 -1 0 1 0 0 0 0 1 4073.DAT
1 7 130 -660 0 0 0 1 0 1 0 -1 0 0 2431.DAT
1 7 150 -660 0 0 0 1 0 1 0 -1 0 0 3023.DAT
1 7 176 -662 -10 0 -1 0 1 0 0 0 0 1 6019.DAT
1 7 176 -682 -10 0 -1 0 1 0 0 0 0 1 6019.DAT
1 7 176 -682 10 0 -1 0 -1 0 0 0 0 -1 6019.DAT
1 7 176 -662 10 0 -1 0 -1 0 0 0 0 -1 6019.DAT
1 7 168 -702 0 0 -1 0 0 0 -1 1 0 0 3023.DAT
1 7 176 -702 0 0 -1 0 0 0 -1 1 0 0 3023.DAT
1 8 184 -682 0 0 -1 0 1 0 0 0 0 1 3021.DAT
1 7 216 -702 0 0 -1 0 0 0 -1 1 0 0 2432.DAT
1 7 208 -682 -10 0 -1 0 1 0 0 0 0 1 3062B.DAT
1 7 208 -682 10 0 -1 0 1 0 0 0 0 1 3062B.DAT
1 42 216 -682 -10 0 -1 0 1 0 0 0 0 1 4073.DAT
1 7 268 -682 10 0 -1 0 1 0 0 0 0 1 30374.DAT
1 7 192 -662 0 0 -1 0 0 0 -1 1 0 0 2342.DAT
1 7 210 -680 -30 0 -1 0 1 0 0 0 0 1 4083.DAT
1 7 210 -680 30 0 -1 0 1 0 0 0 0 1 4083.DAT
1 7 100 -652 0 0 0 1 0 1 0 -1 0 0 3001.DAT
1 7 62 -648 0 0.601815 0.798636 0 -0.798636 0.601815 0 0 0 1 MSPctrlpanel.ldr
1 7 60 -652 -30 -1 0 0 0 1 0 0 0 -1 2877.DAT
1 7 60 -652 30 1 0 0 0 1 0 0 0 1 2877.DAT
1 7 70 -652 -60 0 0 1 0 1 0 -1 0 0 32000.DAT
1 7 70 -652 60 0 0 1 0 1 0 -1 0 0 32000.DAT
1 7 60 -642 -50 0 -1 0 1 0 0 0 0 1 3957.DAT
1 7 60 -642 50 0 -1 0 1 0 0 0 0 1 3957.DAT
1 42 52 -642 -50 0 -1 0 1 0 0 0 0 1 4073.DAT
1 42 52 -642 50 0 -1 0 1 0 0 0 0 1 4073.DAT
1 7 80 -642 -50 0 1 0 -1 0 0 0 0 1 3062B.DAT
1 7 80 -642 50 0 1 0 -1 0 0 0 0 1 3062B.DAT
1 7 136 -642 -50 -1 0 0 0 -1 0 0 0 1 4274.DAT
1 7 136 -642 50 -1 0 0 0 -1 0 0 0 1 4274.DAT
1 7 80 -642 -70 0 1 0 -0.707107 0 -0.707107 -0.707107 0 0.707107 577.DAT
1 7 80 -642 70 0 1 0 -0.707107 0 -0.707107 -0.707107 0 0.707107 577.DAT
1 7 -50 -652 -50 -1 0 0 0 1 0 0 0 -1 3040B.DAT
1 7 -50 -652 50 1 0 0 0 1 0 0 0 1 3040B.DAT
1 7 0 -652 -70 1 0 0 0 1 0 0 0 1 3894.DAT
1 7 0 -652 70 1 0 0 0 1 0 0 0 1 3894.DAT
1 7 -70 -652 0 0 0 1 0 1 0 -1 0 0 3702.DAT
1 7 -110 -652 0 0 0 1 0 1 0 -1 0 0 3894.DAT
1 7 -130 -652 0 0 0 1 0 1 0 -1 0 0 3894.DAT
1 0 -120 -642 -20 1 0 0 0 1 0 0 0 1 4459.DAT
1 0 -120 -642 20 1 0 0 0 1 0 0 0 1 4459.DAT
1 0 -140 -642 -40 1 0 0 0 1 0 0 0 1 4459.DAT
1 0 -140 -642 40 1 0 0 0 1 0 0 0 1 4459.DAT
1 0 -100 -642 40 1 0 0 0 1 0 0 0 1 4459.DAT
1 0 -100 -642 -40 1 0 0 0 1 0 0 0 1 4459.DAT
1 0 -396 -642 0 0 -1 0 0.707107 0 -0.707107 0.707107 0 0.707107 MSPfueltank.ldr
1 8 -130 -676 0 0 0 1 0 1 0 -1 0 0 2877.DAT
1 7 -90 -676 0 1 0 0 0 1 0 0 0 1 3002.DAT
1 8 -120 -676 -30 1 0 0 0 1 0 0 0 1 3039.DAT
1 8 -120 -676 30 -1 0 0 0 1 0 0 0 -1 3039.DAT
1 8 -120 -684 0 1 0 0 0 1 0 0 0 1 4032.DAT
1 8 -130 -692 0 0 0 1 0 1 0 -1 0 0 2412A.DAT
1 8 -110 -692 0 0 0 1 0 1 0 -1 0 0 2342.DAT
1 8 -120 -684 -30 -1 0 0 0 1 0 0 0 -1 30383.DAT
1 8 -120 -684 30 -1 0 0 0 1 0 0 0 -1 30383.DAT
1 8 -110 -692 -30 1 0 0 0 1 0 0 0 1 2555.DAT
1 8 -110 -692 30 1 0 0 0 1 0 0 0 1 2555.DAT
1 8 -137.5 -711.5 -30 0.92388 0.382683 0 -0.382683 0.92388 0 0 0 1 MSPantenna.ldr
1 8 -137.5 -711.5 30 0.92388 0.382683 0 -0.382683 0.92388 0 0 0 1 MSPantenna.ldr
0 WRITE Next Piece Should Be Oil Can (TOWN)
1 8 -119 -711 -42 0.561042 -0.119253 0.819152 0.801252 -0.170311 -0.573576 0.207912 0.978148 0 6246Fmockup.ldr
0 WRITE Next Piece Should Be Oil Can (TOWN)
1 8 -119 -711 42 0.561042 -0.119253 -0.819152 0.801252 -0.170311 0.573576 -0.207912 -0.978148 0 6246Fmockup.ldr
1 8 -120 -622.5 -50.5 1 0 0 0 0.819152 -0.573576 0 0.573576 0.819152 MSPmissilerackR.ldr
1 8 -120 -622.5 50.5 1 0 0 0 0.819152 0.573576 0 -0.573576 0.819152 MSPmissilerackL.ldr
1 7 -70 -676 -50 1 0 0 0 1 0 0 0 1 2357.DAT
1 7 -70 -676 50 0 0 1 0 1 0 -1 0 0 2357.DAT
1 7 -50 -676 -70 1 0 0 0 1 0 0 0 1 3622.DAT
1 7 -50 -676 70 1 0 0 0 1 0 0 0 1 3622.DAT
1 7 10 -660 -70 1 0 0 0 1 0 0 0 1 3623.DAT
1 7 10 -660 70 1 0 0 0 1 0 0 0 1 3623.DAT
1 7 50 -660 -50 0 0 1 0 1 0 -1 0 0 3623.DAT
1 7 50 -660 50 0 0 1 0 1 0 -1 0 0 3623.DAT
1 42 50 -668 -50 1 0 0 0 1 0 0 0 1 4073.DAT
1 42 50 -676 -50 1 0 0 0 1 0 0 0 1 4073.DAT
1 42 50 -668 50 1 0 0 0 1 0 0 0 1 4073.DAT
1 42 50 -676 50 1 0 0 0 1 0 0 0 1 4073.DAT
1 7 20 -668 -70 1 0 0 0 1 0 0 0 1 3710.DAT
1 7 20 -668 70 1 0 0 0 1 0 0 0 1 3710.DAT
1 7 40 -676 -70 1 0 0 0 1 0 0 0 1 3023.DAT
1 7 40 -676 70 1 0 0 0 1 0 0 0 1 3023.DAT
1 7 0 -676 -70 -1 0 0 0 1 0 0 0 -1 2436.DAT
1 7 0 -676 70 1 0 0 0 1 0 0 0 1 2436.DAT
1 7 30 -656 -32 0 0 1 -1 0 0 0 -1 0 3039P23.DAT
1 7 30 -656 32 0 0 1 1 0 0 0 1 0 3039P23.DAT
1 7 -20 -656 -48 1 0 0 0 0 1 0 -1 0 4032.DAT
1 7 -20 -656 48 1 0 0 0 0 -1 0 1 0 4032.DAT
0 WRITE Next Piece Should Be Tri Pneumatic Hose Connector (TECHNIC)
1 7 -20 -657 -36 1 0 0 0 1 0 0 0 1 4696mockup.ldr
0 WRITE Next Piece Should Be Tri Pneumatic Hose Connector (TECHNIC)
1 7 -20 -657 36 1 0 0 0 -1 0 0 0 -1 4696mockup.ldr
1 7 90 -660 -30 0 0 -1 0 1 0 1 0 0 2420.DAT
1 7 90 -660 30 -1 0 0 0 1 0 0 0 -1 2420.DAT
1 7 110 -660 0 0 0 1 0 1 0 -1 0 0 3710.DAT
1 7 50 -684 -30 1 0 0 0 1 0 0 0 1 3062B.DAT
1 7 50 -684 30 1 0 0 0 1 0 0 0 1 3062B.DAT
1 7 80 -684 -10 1 0 0 0 1 0 0 0 1 3039.DAT
1 7 80 -684 10 -1 0 0 0 1 0 0 0 -1 3039.DAT
1 7 130 -684 -20 0 0 -1 0 1 0 1 0 0 6564.DAT
1 7 130 -684 20 0 0 -1 0 1 0 1 0 0 6565.DAT
1 7 70 -676 -50 0 0 -1 0 1 0 1 0 0 4070.DAT
1 7 70 -676 50 0 0 -1 0 1 0 1 0 0 4070.DAT
1 7 70 -676 70 0 0 -1 0 1 0 1 0 0 4070.DAT
1 7 70 -676 -70 0 0 -1 0 1 0 1 0 0 4070.DAT
1 7 98 -666 -50 0 0 1 -0.642788 0.766044 0 -0.766044 -0.642788 0 4349.DAT
1 7 98 -666 50 0 0 1 0.642788 0.766044 0 -0.766044 0.642788 0 4349.DAT
1 7 100 -666 -70 0 0 1 0 1 0 -1 0 0 3959.DAT
1 7 100 -666 70 0 0 1 0 1 0 -1 0 0 3959.DAT
1 7 -70 -684 -10 -1 0 0 0 1 0 0 0 -1 2420.DAT
1 7 -70 -684 10 0 0 -1 0 1 0 1 0 0 2420.DAT
1 7 -90 -708 -10 1 0 0 0 1 0 0 0 1 4287.DAT
1 7 -90 -708 10 -1 0 0 0 1 0 0 0 -1 4287.DAT
1 7 -70 -692 0 0 0 1 0 1 0 -1 0 0 3710.DAT
1 7 -70 -700 0 0 0 1 0 1 0 -1 0 0 3710.DAT
1 7 -70 -708 0 0 0 -1 0 1 0 1 0 0 2436.DAT
1 7 -48 -698 0 0 -1 0 0 0 -1 1 0 0 3069B.DAT
1 7 -48 -698 -30 0 -1 0 1 0 0 0 0 1 2555.DAT
1 7 -48 -698 30 0 -1 0 1 0 0 0 0 1 2555.DAT
1 7 -42 -698 -40 1 0 0 0 0 -1 0 1 0 30374.DAT
1 42 -70 -708 -30 1 0 0 0 1 0 0 0 1 4073.DAT
1 42 -70 -708 30 1 0 0 0 1 0 0 0 1 4073.DAT
1 7 -50 -700 -60 0 0 1 0 1 0 -1 0 0 3039.DAT
1 7 -50 -700 60 0 0 1 0 1 0 -1 0 0 3039.DAT
1 7 -30 -700 -70 -1 0 0 0 1 0 0 0 -1 3665.DAT
1 7 -30 -700 70 1 0 0 0 1 0 0 0 1 3665.DAT
1 8 0 -700 -70 -1 0 0 0 1 0 0 0 -1 2877.DAT
1 8 0 -700 70 1 0 0 0 1 0 0 0 1 2877.DAT
1 7 30 -684 -60 0 0 1 0 1 0 -1 0 0 3023.DAT
1 7 30 -684 60 0 0 1 0 1 0 -1 0 0 3023.DAT
1 7 30 -692 0 0 0 1 0 1 0 -1 0 0 3460.DAT
1 7 30 -700 -60 0 0 1 0 1 0 -1 0 0 3023.DAT
1 7 30 -700 60 0 0 1 0 1 0 -1 0 0 3023.DAT
1 7 50 -692 -10 0 0 1 0 1 0 -1 0 0 2420.DAT
1 7 50 -692 10 1 0 0 0 1 0 0 0 1 2420.DAT
1 7 120 -692 0 1 0 0 0 1 0 0 0 1 3020.DAT
1 7 50 -700 -60 0 0 -1 0 1 0 1 0 0 3039.DAT
1 7 50 -700 60 0 0 -1 0 1 0 1 0 0 3039.DAT
1 7 140 -716 -10 1 0 0 0 1 0 0 0 1 2877.DAT
1 7 140 -716 10 -1 0 0 0 1 0 0 0 -1 2877.DAT
1 7 110 -716 -10 1 0 0 0 1 0 0 0 1 3062B.DAT
1 7 110 -716 10 1 0 0 0 1 0 0 0 1 3062B.DAT
1 7 90 -716 -10 1 0 0 0 1 0 0 0 1 6541.DAT
1 7 90 -716 10 1 0 0 0 1 0 0 0 1 6541.DAT
1 7 90 -706 -20 0.707107 -0.707107 0 0.707107 0.707107 0 0 0 1 MSPautocannonR.ldr
1 7 90 -706 20 0.707107 -0.707107 0 0.707107 0.707107 0 0 0 1 MSPautocannonL.ldr
1 7 70 -716 -10 1 0 0 0 1 0 0 0 1 3062B.DAT
1 7 70 -716 10 1 0 0 0 1 0 0 0 1 3062B.DAT
1 7 30 -716 -10 1 0 0 0 1 0 0 0 1 3046.DAT
1 7 30 -716 10 0 0 -1 0 1 0 1 0 0 3046.DAT
1 7 30 -724 0 0 0 1 0 1 0 -1 0 0 2431.DAT
1 7 90 -740 0 0 0 1 0 1 0 -1 0 0 3298.DAT
1 7 110 -740 0 0 0 -1 0 1 0 1 0 0 30363.DAT
1 7 90 -748 0 0 0 1 0 1 0 -1 0 0 3839B.DAT
1 7 110 -748 10 1 0 0 0 1 0 0 0 1 4073.DAT
1 7 110 -748 -10 1 0 0 0 1 0 0 0 1 4073.DAT
1 8 90 -756 0 0 0 1 0 1 0 -1 0 0 2412A.DAT
1 7 -10 -724 -60 0 0 1 0 1 0 -1 0 0 3298.DAT
1 7 -10 -724 60 0 0 1 0 1 0 -1 0 0 3298.DAT
1 7 10 -724 60 0 0 -1 0 1 0 1 0 0 3298.DAT
1 7 10 -724 -60 0 0 -1 0 1 0 1 0 0 3298.DAT
1 7 0 -756 -50 1 0 0 0 1 0 0 0 1 2432.DAT
1 7 0 -756 50 -1 0 0 0 1 0 0 0 -1 2432.DAT
1 7 0 -732 -70 1 0 0 0 1 0 0 0 1 2412A.DAT
1 7 0 -732 70 1 0 0 0 1 0 0 0 1 2412A.DAT
1 7 -90 -716 0 0 0 1 0 1 0 -1 0 0 6583.DAT
1 7 -70 -716 0 0 0 -1 0 1 0 1 0 0 4315.DAT
1 1 -80 -724 0 1 0 0 0 1 0 0 0 1 3068B.DAT
1 1 -80 -724 -30 1 0 0 0 1 0 0 0 1 4623.DAT
1 1 -80 -724 30 -1 0 0 0 1 0 0 0 -1 4623.DAT
1 1 0 -642 -88 0.707107 0 -0.707107 -0.707107 0 -0.707107 0 1 0 MSPsidepanel.ldr
1 1 0 -642 88 0.707107 0 -0.707107 0.707107 0 0.707107 0 -1 0 MSPsidepanel.ldr
1 1 -20 -716 0 1 0 0 0 1 0 0 0 1 MSPhatch.ldr
0
0 FILE MSP20mm.ldr
0 ROTATION CENTER 0 0 0 1 "Custom" 
0 ROTATION CONFIG 0 0
1 8 0 0 0 0 -0.258819 -0.965926 0 -0.965926 0.258819 -1 0 0 6246C.DAT
1 8 83 7.25 0 0.84 0 0 0 1 0 0 0 1 75.DAT
1 8 44 8.25 0 0 -1 0 1 0 0 0 0 1 4589.DAT
0
0 FILE MSP40mm.ldr
0 ROTATION CENTER 0 0 0 1 "Custom" 
0 ROTATION CONFIG 0 0
1 1 0 0 0 1 0 0 0 1 0 0 0 1 3680.DAT
1 7 -10 8 0 0 0 1 0 1 0 -1 0 0 2540.DAT
1 7 -10 16 0 0 0 1 0 1 0 -1 0 0 3938.DAT
1 7 -10 26 -20 1 0 0 0 0 1 0 -1 0 3062B.DAT
1 7 10 8 -20 0 0 -1 0 1 0 1 0 0 4275.DAT
1 1 10 0 -30 1 0 0 0 1 0 0 0 1 4073.DAT
1 7 10 16 -10 1 0 0 0 1 0 0 0 1 3665.DAT
1 7 10 27.75 35.75 1 0 0 0 0.777146 0.62932 0 -0.62932 0.777146 MSP40mmhandle.ldr
1 7 0 0 0 0.707107 0 0.707107 0 1 0 -0.707107 0 0.707107 MSP40mmbarrel.ldr
0
0 FILE MSP40mmbarrel.ldr
0 ROTATION CENTER 0 0 0 1 "Custom" 
0 ROTATION CONFIG 0 0
1 7 0 0 0 1 0 0 0 1 0 0 0 1 3679.DAT
1 7 0 -24 0 1 0 0 0 1 0 0 0 1 3941.DAT
1 7 10 -46 10 0.707107 -0.707107 0 0 0 -1 0.707107 0.707107 0 4349.DAT
1 7 -10 -46 10 -0.707107 -0.707107 0 0 0 -1 0.707107 -0.707107 0 4349.DAT
1 7 -10 -46 -10 -0.707107 0.707107 0 0 0 -1 -0.707107 -0.707107 0 4349.DAT
1 7 10 -46 -10 0.707107 0.707107 0 0 0 -1 -0.707107 0.707107 0 4349.DAT
1 7 -10 -72 10 1 0 0 0 1 0 0 0 1 3957.DAT
1 7 10 -72 10 1 0 0 0 1 0 0 0 1 3957.DAT
1 7 10 -72 -10 1 0 0 0 1 0 0 0 1 3957.DAT
1 7 -10 -72 -10 1 0 0 0 1 0 0 0 1 3957.DAT
1 7 10 -148 10 0 -0.707107 -0.707107 1 0 0 0 -0.707107 0.707107 4274.DAT
1 7 -10 -148 -10 0 -0.707107 -0.707107 1 0 0 0 -0.707107 0.707107 4274.DAT
1 7 -10 -148 10 0 -0.707107 0.707107 1 0 0 0 0.707107 0.707107 4274.DAT
1 7 10 -148 -10 0 -0.707107 0.707107 1 0 0 0 0.707107 0.707107 4274.DAT
0
0 FILE MSP40mmhandle.ldr
0 ROTATION CENTER 0 0 0 1 "Custom" 
0 ROTATION CONFIG 0 0
1 7 0 0 0 0 0 1 0 1 0 -1 0 0 4276.DAT
1 7 0 8 -10 -1 0 0 0 1 0 0 0 -1 3665.DAT
1 1 0 -32 0 0 0 1 0 1 0 -1 0 0 2432.DAT
0
0 FILE MSPantenna.ldr
0 WRITE Next Piece Should Be Click Hinge With Axlehole (Studios)
0 ROTATION CENTER 0 0 0 1 "Custom" 
0 ROTATION CONFIG 0 0
1 8 0 0 0 0 1 0 0 0 -1 -1 0 0 32039.DAT
1 8 0 -20 0 0 1 0 -1 0 0 0 0 1 6587.DAT
1 8 0 -58 0 1 0 0 0 1 0 0 0 1 2569.DAT
0
0 FILE MSPautocannonL.ldr
0 ROTATION CENTER 0 0 0 1 "Custom" 
0 ROTATION CONFIG 0 0
1 7 0 0 0 0 0 1 1 0 0 0 1 0 3794.DAT
1 7 0 0 8 0 0 -1 -1 0 0 0 1 0 4276.DAT
1 7 0 -54 30.5 1 0 0 0 0.866025 0.5 0 -0.5 0.866025 MSPautocbarrelL.ldr
0
0 FILE MSPautocannonR.ldr
0 ROTATION CENTER 0 0 0 1 "Custom" 
0 ROTATION CONFIG 0 0
1 7 0 0 0 0 0 1 -1 0 0 0 -1 0 3794.DAT
1 7 0 0 -8 0 0 1 -1 0 0 0 -1 0 4276.DAT
1 7 0 -54 -30.5 1 0 0 0 0.866025 -0.5 0 0.5 0.866025 MSPautocbarrelR.ldr
0
0 FILE MSPautocbarrelL.ldr
0 ROTATION CENTER 0 0 0 1 "Custom" 
0 ROTATION CONFIG 0 0
1 7 0 0 0 0 0 -1 1 0 0 0 -1 0 4275.DAT
1 7 0 10 -8 1 0 0 0 0 1 0 -1 0 4073.DAT
1 7 0 -10 -8 1 0 0 0 0 1 0 -1 0 4073.DAT
1 8 0 0 24 1 0 0 0 0 1 0 -1 0 30359A.DAT
1 8 0 0 32 0 0 1 -1 0 0 0 -1 0 2412A.DAT
1 7 20 24 16 0 0 1 -1 0 0 0 -1 0 4081B.DAT
1 42 20 24 24 1 0 0 0 0 1 0 -1 0 4073.DAT
1 8 0 28 14 0 0 -1 0 -1 0 -1 0 0 2524.DAT
0 WRITE Next Piece Should Be Climbing Axe (RES-Q)
1 8 0 50 14 1 0 0 0 -1 0 0 0 -1 6246B.DAT
1 8 0 -130 32 1 0 0 0 0 1 0 -1 0 4740.DAT
1 8 0 -140 14 -1 0 0 0 -1 0 0 0 1 3062B.DAT
1 8 0 -164 14 -1 0 0 0 -1 0 0 0 1 3062B.DAT
1 8 0 -190 14 0 -1 0 1 0 0 0 0 1 32002.DAT
0
0 FILE MSPautocbarrelR.ldr
0 ROTATION CENTER 0 0 0 1 "Custom" 
0 ROTATION CONFIG 0 0
1 7 0 0 0 0 0 1 1 0 0 0 1 0 4275.DAT
1 7 0 10 8 1 0 0 0 0 -1 0 1 0 4073.DAT
1 7 0 -10 8 1 0 0 0 0 -1 0 1 0 4073.DAT
1 8 0 0 -24 -1 0 0 0 0 1 0 1 0 30359A.DAT
1 8 0 0 -32 0 0 1 1 0 0 0 1 0 2412A.DAT
1 7 20 24 -16 0 0 1 1 0 0 0 1 0 4081B.DAT
1 42 20 24 -24 1 0 0 0 0 -1 0 1 0 4073.DAT
1 8 0 28 -14 0 0 -1 0 -1 0 -1 0 0 2524.DAT
0 WRITE Next Piece Should Be Climbing Axe (RES-Q)
1 8 0 50 -14 1 0 0 0 -1 0 0 0 -1 6246B.DAT
1 8 0 -130 -32 1 0 0 0 0 -1 0 1 0 4740.DAT
1 8 0 -140 -14 -1 0 0 0 -1 0 0 0 1 3062B.DAT
1 8 0 -164 -14 -1 0 0 0 -1 0 0 0 1 3062B.DAT
1 8 0 -190 -14 0 -1 0 1 0 0 0 0 1 32002.DAT
0
0 FILE MSPcpanel.ldr
0 ROTATION CENTER 0 0 0 1 "Custom" 
0 ROTATION CONFIG 0 0
1 7 0 0 0 0 -0.374607 0.927184 0 0.927184 0.374607 -1 0 0 2342.DAT
1 7 8.5 -40 0 0 0 1 0 1 0 -1 0 0 3069BP25.DAT
1 42 9 -22.25 -18 1 0 0 0 0 -1 0 1 0 4073.DAT
1 42 9 -22.25 18 0.573576 0 0.819152 -0.819152 0 0.573576 0 -1 0 MSPcstick.ldr
0
0 FILE MSPcstick.ldr
0 ROTATION CENTER 0 0 0 1 "Custom" 
0 ROTATION CONFIG 0 0
1 1 0 0 0 1 0 0 0 1 0 0 0 1 4592.DAT
1 7 0 -2 0 1 0 0 0 0.173648 -0.984808 0 0.984808 0.173648 4593.DAT
0
0 FILE MSPctrlpanel.ldr
0 ROTATION CENTER 0 0 0 1 "Custom" 
0 ROTATION CONFIG 0 0
1 7 0 0 0 0 0 1 0 1 0 -1 0 0 3938.DAT
1 7 0 -8 0 0.927184 0.374607 0 -0.374607 0.927184 0 0 0 1 MSPcpanel.ldr
0
0 FILE MSPfueltank.ldr
0 ROTATION CENTER 0 0 0 1 "Custom" 
0 ROTATION CONFIG 0 0
1 7 0 0 0 -1 0 0 0 -1 0 0 0 1 3961.DAT
1 1 0 -8 0 0 -1 0 1 0 0 0 0 1 4274.DAT
1 1 0 -34 0 1 0 0 0 1 0 0 0 1 3003.DAT
1 1 -70 -34 0 0 0 1 0 1 0 -1 0 0 3023.DAT
1 1 70 -34 0 0 0 1 0 1 0 -1 0 0 3023.DAT
1 1 0 -34 70 1 0 0 0 1 0 0 0 1 3023.DAT
1 1 0 -34 -70 1 0 0 0 1 0 0 0 1 3023.DAT
1 42 -50 -34 -50 1 0 0 0 1 0 0 0 1 4073.DAT
1 42 50 -34 -50 1 0 0 0 1 0 0 0 1 4073.DAT
1 42 50 -34 50 1 0 0 0 1 0 0 0 1 4073.DAT
1 42 -50 -34 50 1 0 0 0 1 0 0 0 1 4073.DAT
1 7 0 -38 0 -1 0 0 0 1 0 0 0 -1 30565.dat
1 7 0 -38 0 0 0 1 0 1 0 -1 0 0 30565.dat
1 7 0 -38 0 0 0 -1 0 1 0 1 0 0 30565.dat
1 7 0 -38 0 1 0 0 0 1 0 0 0 1 30565.dat
1 1 0 -66 0 1 0 0 0 1 0 0 0 1 3003.DAT
1 1 0 -90 0 1 0 0 0 1 0 0 0 1 3003.DAT
1 1 0 -114 0 1 0 0 0 1 0 0 0 1 3003.DAT
1 1 0 -138 0 1 0 0 0 1 0 0 0 1 3003.DAT
1 1 0 -162 0 1 0 0 0 1 0 0 0 1 3003.DAT
1 1 0 -186 0 1 0 0 0 1 0 0 0 1 3003.DAT
1 7 0 -90 0 -1 0 0 0 1 0 0 0 -1 30562.dat
1 7 0 -90 0 0 0 1 0 1 0 -1 0 0 30562.dat
1 7 0 -90 0 0 0 -1 0 1 0 1 0 0 30562.dat
1 7 0 -90 0 1 0 0 0 1 0 0 0 1 30562.dat
1 7 0 -190 0 -1 0 0 0 1 0 0 0 -1 30565.dat
1 7 0 -190 0 0 0 1 0 1 0 -1 0 0 30565.dat
1 7 0 -190 0 1 0 0 0 1 0 0 0 1 30565.dat
1 7 0 -190 0 0 0 -1 0 1 0 1 0 0 30565.dat
1 1 0 -218 0 1 0 0 0 1 0 0 0 1 3941.DAT
1 0 0 -274 0 0 -1 0 1 0 0 0 0 1 3707.DAT
1 1 -70 -202 0 0 0 1 0 1 0 -1 0 0 3023.DAT
1 1 70 -202 0 0 0 1 0 1 0 -1 0 0 3023.DAT
1 1 0 -202 70 1 0 0 0 1 0 0 0 1 3023.DAT
1 1 0 -202 -70 1 0 0 0 1 0 0 0 1 3023.DAT
1 42 -50 -202 -50 1 0 0 0 1 0 0 0 1 4073.DAT
1 42 50 -202 -50 1 0 0 0 1 0 0 0 1 4073.DAT
1 42 50 -202 50 1 0 0 0 1 0 0 0 1 4073.DAT
1 42 -50 -202 50 1 0 0 0 1 0 0 0 1 4073.DAT
1 7 0 -226 0 1 0 0 0 1 0 0 0 1 3961.DAT
1 7 0 -236 0 1 0 0 0 0 1 0 -1 0 3713.DAT
1 7 0 -251 0 1 0 0 0 0 -1 0 1 0 4265C.DAT
1 7 0 -306 0 1 0 0 0 0 -1 0 1 0 3713.DAT
1 7 0 -340 0 -1 0 0 0 -1 0 0 0 1 4032.DAT
1 7 0 -348 0 -1 0 0 0 -1 0 0 0 1 2654.DAT
0
0 FILE MSPhatch.ldr
0 ROTATION CENTER 0 0 0 1 "Custom" 
0 ROTATION CONFIG 0 0
1 7 0 0 0 0 0 -1 0 1 0 1 0 0 4213.DAT
1 7 -10 -8 0 0 0 1 0 1 0 -1 0 0 2431.DAT
1 7 20 -8 0 0 0 1 0 1 0 -1 0 0 3020.DAT
1 7 20 -24 0 1 0 0 0 1 0 0 0 1 3960.DAT
0
0 FILE MSPleg1.ldr
0 ROTATION CENTER 0 0 0 1 "Custom" 
0 ROTATION CONFIG 0 0
1 7 0 0 0 1 0 0 0 1 0 0 0 1 3832.DAT
1 7 -80 -24 -10 -1 0 0 0 1 0 0 0 -1 30365.DAT
1 7 -80 -24 10 -1 0 0 0 1 0 0 0 -1 30365.DAT
1 7 -50 -24 -10 1 0 0 0 1 0 0 0 1 4070.DAT
1 7 -50 -24 10 -1 0 0 0 1 0 0 0 -1 4070.DAT
1 7 10 -24 10 -1 0 0 0 1 0 0 0 -1 4070.DAT
1 7 10 -24 -10 1 0 0 0 1 0 0 0 1 4070.DAT
1 7 -20 -14 -24 1 0 0 0 0 -1 0 1 0 3710.DAT
1 7 -20 -14 24 1 0 0 0 0 1 0 -1 0 3710.DAT
1 7 -40 8 0 0 0 1 0 1 0 -1 0 0 4287.DAT
1 7 -20 8 0 0 0 -1 0 1 0 1 0 0 3665.DAT
1 7 -30 32 0 0 0 -1 0 1 0 1 0 0 4595.DAT
1 8 -40 48 0 1 0 0 0 1 0 0 0 1 4589.DAT
1 8 -20 48 0 1 0 0 0 1 0 0 0 1 4589.DAT
1 7 -66 42 0 0 1 0 -1 0 0 0 0 1 750.DAT
1 7 -66 42 0 0 -1 0 1 0 0 0 0 1 755.DAT
1 7 -30 42 -18 1 0 0 0 0 -1 0 1 0 3069B.DAT
1 7 -30 42 18 1 0 0 0 0 1 0 -1 0 3069B.DAT
1 7 70 8 0 0 0 1 0 1 0 -1 0 0 3660.DAT
1 7 90 8 0 0 0 -1 0 1 0 1 0 0 3747.DAT
1 7 80 32 0 1 0 0 0 1 0 0 0 1 2654.DAT
1 7 110 0 0 0 0 1 0 1 0 -1 0 0 3794.DAT
1 7 130 0 0 0 0 1 0 1 0 -1 0 0 3794.DAT
1 7 40 -24 0 1 0 0 0 1 0 0 0 1 3003.DAT
1 7 80 -24 0 1 0 0 0 1 0 0 0 1 3941.DAT
1 7 110 -24 0 1 0 0 0 1 0 0 0 1 3062B.DAT
1 7 220 0 0 1 0 0 0 1 0 0 0 1 3460.DAT
1 42 310 0 0 1 0 0 0 1 0 0 0 1 4073.DAT
1 42 330 0 0 1 0 0 0 1 0 0 0 1 4073.DAT
1 7 290 -24 0 0 0 -1 0 1 0 1 0 0 4286.DAT
1 7 200 -24 0 1 0 0 0 1 0 0 0 1 3702.DAT
1 7 220 -32 0 1 0 0 0 1 0 0 0 1 4162.DAT
1 7 120 -32 0 1 0 0 0 1 0 0 0 1 3794.DAT
1 7 80 -32 0 1 0 0 0 1 0 0 0 1 3022.DAT
1 7 -20 -32 0 1 0 0 0 1 0 0 0 1 3034.DAT
1 7 90 -56 0 0 0 -1 0 1 0 1 0 0 30363.DAT
1 7 60 -56 -10 1 0 0 0 1 0 0 0 1 2877.DAT
1 7 60 -56 10 -1 0 0 0 1 0 0 0 -1 2877.DAT
1 7 30 -56 0 0 0 1 0 1 0 -1 0 0 3039.DAT
1 7 40 -64 0 1 0 0 0 1 0 0 0 1 3068B.DAT
1 7 70 -64 0 0 0 1 0 1 0 -1 0 0 2412A.DAT
1 7 90 -88 0 0 0 1 0 1 0 -1 0 0 2432.DAT
1 8 -10 -40 0 0 0 1 0 1 0 -1 0 0 2412A.DAT
1 7 -50 -56 0 0 0 -1 0 1 0 1 0 0 3039.DAT
1 1 -50 -80 0 0 0 -1 0 1 0 1 0 0 3937.DAT
1 1 -43 -77 0 0.707107 -0.707107 0 0.707107 0.707107 0 0 0 1 MSPlegsensor.ldr
1 7 -70 -104 0 0 0 1 0 1 0 -1 0 0 3684.DAT
1 1 -70 -112 0 0 0 1 0 1 0 -1 0 0 2412A.DAT
1 7 -20 -44 -32 0 0 -1 -1 0 0 0 1 0 6106.DAT
1 7 -20 -44 32 1 0 0 0 0 1 0 -1 0 6106.DAT
1 42 -70 6 -40 1 0 0 0 0 -1 0 1 0 4073.DAT
1 42 -70 6 40 1 0 0 0 0 1 0 -1 0 4073.DAT
1 1 -70 -44 -40 0 0 1 1 0 0 0 1 0 2431.DAT
1 1 -70 -44 40 0 0 1 -1 0 0 0 -1 0 2431.DAT
1 8 -20 6 -40 1 0 0 0 0 -1 0 1 0 2540.DAT
1 8 -20 6 40 -1 0 0 0 0 -1 0 -1 0 2540.DAT
1 1 -20 -24 40 1 0 0 0 0 1 0 -1 0 4032.DAT
1 1 -20 -24 48 1 0 0 0 0 1 0 -1 0 4073.DAT
1 1 -30 -14 -56 1 0 0 0 0 -1 0 1 0 3062B.DAT
1 1 -10 -14 -56 1 0 0 0 0 -1 0 1 0 3062B.DAT
1 1 -20 -34 -56 -1 0 0 0 0 1 0 1 0 4865.DAT
0
0 FILE MSPleg1middle.ldr
0 ROTATION CENTER 0 0 0 1 "Custom" 
0 ROTATION CONFIG 0 0
1 7 0 0 0 1 0 0 0 1 0 0 0 1 3832.DAT
1 7 -80 -24 -10 -1 0 0 0 1 0 0 0 -1 30365.DAT
1 7 -80 -24 10 -1 0 0 0 1 0 0 0 -1 30365.DAT
1 7 -50 -24 -10 1 0 0 0 1 0 0 0 1 4070.DAT
1 7 -50 -24 10 -1 0 0 0 1 0 0 0 -1 4070.DAT
1 7 10 -24 10 -1 0 0 0 1 0 0 0 -1 4070.DAT
1 7 10 -24 -10 1 0 0 0 1 0 0 0 1 4070.DAT
1 7 -20 -14 -24 1 0 0 0 0 -1 0 1 0 3710.DAT
1 7 -20 -14 24 1 0 0 0 0 1 0 -1 0 3710.DAT
1 7 -40 8 0 0 0 1 0 1 0 -1 0 0 4287.DAT
1 7 -20 8 0 0 0 -1 0 1 0 1 0 0 3665.DAT
1 7 -30 32 0 0 0 -1 0 1 0 1 0 0 4595.DAT
1 8 -40 48 0 1 0 0 0 1 0 0 0 1 4589.DAT
1 8 -20 48 0 1 0 0 0 1 0 0 0 1 4589.DAT
1 7 -66 42 0 0 1 0 -1 0 0 0 0 1 750.DAT
1 7 -66 42 0 0 -1 0 1 0 0 0 0 1 755.DAT
1 7 -30 42 -18 1 0 0 0 0 -1 0 1 0 3069B.DAT
1 7 -30 42 18 1 0 0 0 0 1 0 -1 0 3069B.DAT
1 7 70 8 0 0 0 1 0 1 0 -1 0 0 3660.DAT
1 7 90 8 0 0 0 -1 0 1 0 1 0 0 3747.DAT
1 7 80 32 0 1 0 0 0 1 0 0 0 1 2654.DAT
1 7 110 0 0 0 0 1 0 1 0 -1 0 0 3794.DAT
1 7 130 0 0 0 0 1 0 1 0 -1 0 0 3794.DAT
1 7 40 -24 0 1 0 0 0 1 0 0 0 1 3003.DAT
1 7 80 -24 0 1 0 0 0 1 0 0 0 1 3941.DAT
1 7 110 -24 0 1 0 0 0 1 0 0 0 1 3062B.DAT
1 7 220 0 0 1 0 0 0 1 0 0 0 1 3460.DAT
1 42 310 0 0 1 0 0 0 1 0 0 0 1 4073.DAT
1 42 330 0 0 1 0 0 0 1 0 0 0 1 4073.DAT
1 7 290 -24 0 0 0 -1 0 1 0 1 0 0 4286.DAT
1 7 200 -24 0 1 0 0 0 1 0 0 0 1 3702.DAT
1 7 220 -32 0 1 0 0 0 1 0 0 0 1 4162.DAT
1 7 120 -32 0 1 0 0 0 1 0 0 0 1 3794.DAT
1 7 80 -32 0 1 0 0 0 1 0 0 0 1 3022.DAT
1 7 -20 -32 0 1 0 0 0 1 0 0 0 1 3034.DAT
1 7 90 -56 0 0 0 -1 0 1 0 1 0 0 30363.DAT
1 7 60 -56 -10 1 0 0 0 1 0 0 0 1 2877.DAT
1 7 60 -56 10 -1 0 0 0 1 0 0 0 -1 2877.DAT
1 7 30 -56 0 0 0 1 0 1 0 -1 0 0 3039.DAT
1 7 40 -64 0 1 0 0 0 1 0 0 0 1 3068B.DAT
1 7 70 -64 0 0 0 1 0 1 0 -1 0 0 2412A.DAT
1 7 90 -88 0 0 0 1 0 1 0 -1 0 0 2432.DAT
1 8 -10 -40 0 0 0 1 0 1 0 -1 0 0 2412A.DAT
1 7 -50 -56 0 0 0 -1 0 1 0 1 0 0 3039.DAT
1 1 -50 -80 0 0 0 -1 0 1 0 1 0 0 3937.DAT
1 1 -43 -77 0 0.707107 -0.707107 0 0.707107 0.707107 0 0 0 1 MSPlegsensor.ldr
1 7 -70 -104 -10 0 0 1 0 1 0 -1 0 0 4460.DAT
1 7 -70 -104 10 0 0 1 0 1 0 -1 0 0 4460.DAT
1 1 -70 -112 0 0 0 1 0 1 0 -1 0 0 2412A.DAT
1 7 -20 -44 -32 0 0 -1 -1 0 0 0 1 0 6106.DAT
1 7 -20 -44 32 1 0 0 0 0 1 0 -1 0 6106.DAT
1 42 -70 6 -40 1 0 0 0 0 -1 0 1 0 4073.DAT
1 42 -70 6 40 1 0 0 0 0 1 0 -1 0 4073.DAT
1 1 -70 -44 -40 0 0 1 1 0 0 0 1 0 2431.DAT
1 1 -70 -44 40 0 0 1 -1 0 0 0 -1 0 2431.DAT
1 8 -20 6 -40 1 0 0 0 0 -1 0 1 0 2540.DAT
1 8 -20 6 40 -1 0 0 0 0 -1 0 -1 0 2540.DAT
1 1 -20 -24 40 1 0 0 0 0 1 0 -1 0 4032.DAT
1 1 -20 -24 48 1 0 0 0 0 1 0 -1 0 4073.DAT
1 1 -30 -14 -56 1 0 0 0 0 -1 0 1 0 3062B.DAT
1 1 -10 -14 -56 1 0 0 0 0 -1 0 1 0 3062B.DAT
1 1 -20 -34 -56 -1 0 0 0 0 1 0 1 0 4865.DAT
0
0 FILE MSPleg2.ldr
0 ROTATION CENTER 0 0 0 1 "Custom" 
0 ROTATION CONFIG 0 0
1 8 0 0 0 1 0 0 0 1 0 0 0 1 3795.DAT
1 8 -100 0 0 1 0 0 0 1 0 0 0 1 3020.DAT
1 7 -110 8 0 0 0 1 0 1 0 -1 0 0 3660.DAT
1 7 -90 8 0 0 0 1 0 1 0 -1 0 0 32000.DAT
1 7 -100 32 0 1 0 0 0 1 0 0 0 1 3941.DAT
1 7 -100 56 0 1 0 0 0 1 0 0 0 1 2654.DAT
1 1 -80 18 -10 0 1 0 -1 0 0 0 0 1 4085C.DAT
1 1 -80 18 10 0 1 0 1 0 0 0 0 -1 4085C.DAT
1 7 -72 18 0 0 1 0 0 0 -1 -1 0 0 3023.DAT
1 7 -64 18 10 0 1 0 0 0 -1 -1 0 0 4070.DAT
1 7 -54 40 10 -1 0 0 0 -1 0 0 0 1 750.DAT
1 7 -54 40 10 1 0 0 0 1 0 0 0 1 755.DAT
1 7 -64 18 -10 0 1 0 -1 0 0 0 0 1 3062B.DAT
1 8 -40 18 0 0 1 0 0 0 -1 -1 0 0 3023.DAT
1 8 -20 8 0 0 0 -1 0 1 0 1 0 0 4287.DAT
1 42 -20 32 0 1 0 0 0 1 0 0 0 1 4073.DAT
1 8 -67 9 -27 0 -0.258819 -0.965926 -0.34202 -0.907673 0.24321 -0.939693 0.330366 -0.0885213 30141.DAT
1 8 -67 9 27 0 -0.258819 -0.965926 0.34202 -0.907673 0.24321 -0.939693 -0.330366 0.0885213 30141.DAT
1 8 40 -24 -10 1 0 0 0 1 0 0 0 1 30364.DAT
1 8 40 -24 10 1 0 0 0 1 0 0 0 1 30364.DAT
1 1 0 -24 0 1 0 0 0 1 0 0 0 1 3941.DAT
1 42 -30 -24 10 1 0 0 0 1 0 0 0 1 3062B.DAT
1 42 -30 -24 -10 1 0 0 0 1 0 0 0 1 3062B.DAT
1 8 -60 -24 -10 1 0 0 0 1 0 0 0 1 3660.DAT
1 8 -60 -24 10 -1 0 0 0 1 0 0 0 -1 3660.DAT
1 8 -100 -24 10 -1 0 0 0 1 0 0 0 -1 3660.DAT
1 8 -100 -24 -10 1 0 0 0 1 0 0 0 1 3660.DAT
1 8 -140 -24 -10 -1 0 0 0 1 0 0 0 -1 30364.DAT
1 8 -140 -24 10 -1 0 0 0 1 0 0 0 -1 30364.DAT
1 8 -150 -48 0 0 0 1 0 1 0 -1 0 0 3660.DAT
1 1 -100 -48 0 1 0 0 0 1 0 0 0 1 3001.DAT
1 8 -100 -48 -30 1 0 0 0 1 0 0 0 1 3037.DAT
1 8 -100 -48 30 -1 0 0 0 1 0 0 0 -1 3037.DAT
1 8 -30 -48 -20 0 0 -1 0 1 0 1 0 0 6564.DAT
1 8 -30 -48 20 0 0 -1 0 1 0 1 0 0 6565.DAT
1 8 10 -48 0 0 0 -1 0 1 0 1 0 0 3298.DAT
1 1 -20 -56 -10 1 0 0 0 1 0 0 0 1 2431.DAT
1 1 -20 -56 10 1 0 0 0 1 0 0 0 1 2431.DAT
1 8 -90 -56 -30 1 0 0 0 1 0 0 0 1 2450.DAT
1 8 -90 -56 30 0 0 -1 0 1 0 1 0 0 2450.DAT
1 8 -140 -56 0 1 0 0 0 1 0 0 0 1 3022.DAT
1 8 -170 -56 0 0 0 1 0 1 0 -1 0 0 2540.DAT
1 42 -130 -56 -30 1 0 0 0 1 0 0 0 1 4073.DAT
1 42 -130 -56 30 1 0 0 0 1 0 0 0 1 4073.DAT
1 7 -130 -80 0 0 0 1 0 1 0 -1 0 0 3298.DAT
1 7 -110 -64 0 0 0 1 0 1 0 -1 0 0 2431.DAT
1 7 -110 -80 0 0 0 1 0 1 0 -1 0 0 6140.DAT
1 7 -80 -64 0 1 0 0 0 1 0 0 0 1 4032.DAT
1 7 -80 -72 0 1 0 0 0 1 0 0 0 1 4150.DAT
1 7 137.25 73.5 0 0.707107 -0.707107 0 0.707107 0.707107 0 0 0 1 MSPleg1.ldr
0 Hose
1 7 -54 40 10 0.925 -0.093 0.369 0 -0.969 -0.245 0.381 0.227 -0.896 754.DAT
1 7 -53.744 42.658 9.378 0.866 -0.135 0.482 0 -0.963 -0.27 0.501 0.233 -0.834 754.DAT
1 7 -53.365 45.362 8.723 0.789 -0.186 0.585 0 -0.953 -0.303 0.614 0.239 -0.752 754.DAT
1 7 -52.833 48.085 8.039 0.705 -0.249 0.665 0 -0.937 -0.35 0.71 0.247 -0.66 754.DAT
1 7 -52.116 50.787 7.327 0.617 -0.324 0.717 0 -0.911 -0.412 0.787 0.254 -0.562 754.DAT
1 7 -51.18 53.417 6.594 0.53 -0.416 0.739 0 -0.871 -0.49 0.848 0.26 -0.462 754.DAT
1 7 -49.991 55.909 5.85 0.451 -0.522 0.724 0 -0.811 -0.585 0.892 0.264 -0.366 754.DAT
1 7 -48.524 58.191 5.108 0.382 -0.638 0.669 0 -0.724 -0.69 0.924 0.263 -0.276 754.DAT
1 7 -46.765 60.189 4.382 0.321 -0.752 0.576 0 -0.608 -0.794 0.947 0.255 -0.195 754.DAT
1 7 -44.722 61.842 3.69 0.27 -0.85 0.452 0 -0.47 -0.883 0.963 0.238 -0.127 754.DAT
1 7 -42.425 63.111 3.047 0.227 -0.921 0.316 0 -0.324 -0.946 0.974 0.215 -0.074 754.DAT
1 7 -39.921 63.992 2.464 0.192 -0.964 0.183 0 -0.187 -0.982 0.981 0.188 -0.036 754.DAT
1 7 -37.263 64.507 1.945 0.162 -0.984 0.067 0 -0.068 -0.998 0.987 0.162 -0.011 754.DAT
1 7 -34.505 64.697 1.491 0.138 -0.99 -0.029 0 0.03 -1 0.99 0.138 0.004 754.DAT
1 7 -31.692 64.613 1.099 0.118 -0.987 -0.106 0 0.107 -0.994 0.993 0.117 0.013 754.DAT
1 7 -28.858 64.307 0.763 0.101 -0.981 -0.167 0 0.167 -0.986 0.995 0.099 0.017 754.DAT
1 7 -26.028 63.824 0.476 0.086 -0.973 -0.214 0 0.214 -0.977 0.996 0.084 0.018 754.DAT
1 7 -23.218 63.205 0.233 0.074 -0.965 -0.251 0 0.252 -0.968 0.997 0.071 0.019 754.DAT
1 7 -20.437 62.48 0.027 0.063 -0.958 -0.279 0 0.28 -0.96 0.998 0.06 0.018 754.DAT
1 7 -17.69 61.678 -0.146 0.054 -0.952 -0.302 0 0.302 -0.953 0.999 0.051 0.016 754.DAT
1 7 -14.977 60.817 -0.292 0.045 -0.947 -0.319 0 0.319 -0.948 0.999 0.043 0.014 754.DAT
1 7 -12.297 59.914 -0.413 0.038 -0.943 -0.332 0 0.332 -0.943 0.999 0.036 0.013 754.DAT
1 7 -9.649 58.982 -0.513 0.031 -0.94 -0.341 0 0.341 -0.94 1 0.029 0.011 754.DAT
1 7 -7.029 58.032 -0.595 0.025 -0.938 -0.347 0 0.347 -0.938 1 0.024 0.009 754.DAT
1 7 -4.432 57.071 -0.661 0.02 -0.937 -0.35 0 0.35 -0.937 1 0.019 0.007 754.DAT
1 7 -1.855 56.108 -0.712 0.015 -0.936 -0.351 0 0.351 -0.936 1 0.014 0.005 754.DAT
1 7 0.707 55.148 -0.75 0.011 -0.937 -0.35 0 0.35 -0.937 1 0.01 0.004 754.DAT
1 7 3.258 54.196 -0.777 0.006 -0.938 -0.345 0 0.345 -0.938 1 0.006 0.002 754.DAT
1 7 5.804 53.259 -0.793 0.003 -0.941 -0.339 0 0.339 -0.941 1 0.003 0.001 754.DAT
1 7 8.348 52.341 -0.8 -0.001 -0.944 -0.331 0 0.331 -0.944 1 -0.001 0 754.DAT
1 7 10.895 51.447 -0.797 -0.004 -0.947 -0.32 0 0.32 -0.947 1 -0.004 -0.001 754.DAT
1 7 13.45 50.583 -0.787 -0.007 -0.952 -0.307 0 0.307 -0.952 1 -0.007 -0.002 754.DAT
1 7 16.015 49.757 -0.769 -0.01 -0.957 -0.29 0 0.29 -0.957 1 -0.009 -0.003 754.DAT
1 7 18.596 48.974 -0.744 -0.012 -0.963 -0.27 0 0.27 -0.963 1 -0.012 -0.003 754.DAT
1 7 21.195 48.244 -0.712 -0.014 -0.969 -0.247 0 0.247 -0.969 1 -0.014 -0.003 754.DAT
1 7 23.815 47.577 -0.675 -0.017 -0.976 -0.219 0 0.219 -0.976 1 -0.016 -0.004 754.DAT
1 7 26.457 46.983 -0.631 -0.018 -0.982 -0.186 0 0.186 -0.983 1 -0.018 -0.003 754.DAT
1 7 29.122 46.479 -0.583 -0.02 -0.989 -0.147 0 0.148 -0.989 1 -0.019 -0.003 754.DAT
1 7 31.81 46.078 -0.53 -0.021 -0.995 -0.101 0 0.101 -0.995 1 -0.021 -0.002 754.DAT
1 7 34.515 45.802 -0.474 -0.022 -0.999 -0.048 0 0.048 -0.999 1 -0.022 -0.001 754.DAT
1 7 37.233 45.671 -0.415 -0.022 -1 0.014 0 -0.014 -1 1 -0.022 0 754.DAT
1 7 39.953 45.71 -0.354 -0.023 -0.996 0.086 0 -0.086 -0.996 1 -0.022 0.002 754.DAT
1 7 42.66 45.944 -0.293 -0.022 -0.986 0.168 0 -0.168 -0.986 1 -0.022 0.004 754.DAT
1 7 45.334 46.399 -0.234 -0.022 -0.966 0.257 0 -0.257 -0.966 1 -0.021 0.006 754.DAT
1 7 47.951 47.096 -0.177 -0.02 -0.935 0.354 0 -0.354 -0.935 1 -0.019 0.007 754.DAT
1 7 50.482 48.053 -0.126 -0.018 -0.892 0.452 0 -0.452 -0.892 1 -0.016 0.008 754.DAT
1 7 52.896 49.275 -0.082 -0.016 -0.837 0.546 0 -0.546 -0.838 1 -0.013 0.009 754.DAT
1 7 55.166 50.756 -0.046 -0.012 -0.773 0.634 0 -0.634 -0.774 1 -0.01 0.008 754.DAT
1 7 57.265 52.476 -0.02 -0.008 -0.705 0.71 0 -0.71 -0.705 1 -0.006 0.006 754.DAT
1 7 59.179 54.404 -0.005 -0.003 -0.635 0.773 0 -0.773 -0.635 1 -0.002 0.002 756.DAT
0
0 FILE MSPleg2middle.ldr
0 ROTATION CENTER 0 0 0 1 "Custom" 
0 ROTATION CONFIG 0 0
1 8 0 0 0 1 0 0 0 1 0 0 0 1 3795.DAT
1 8 -100 0 0 1 0 0 0 1 0 0 0 1 3020.DAT
1 7 -110 8 0 0 0 1 0 1 0 -1 0 0 3660.DAT
1 7 -90 8 0 0 0 1 0 1 0 -1 0 0 32000.DAT
1 7 -100 32 0 1 0 0 0 1 0 0 0 1 3941.DAT
1 7 -100 56 0 1 0 0 0 1 0 0 0 1 2654.DAT
1 1 -80 18 -10 0 1 0 -1 0 0 0 0 1 4085C.DAT
1 1 -80 18 10 0 1 0 1 0 0 0 0 -1 4085C.DAT
1 7 -72 18 0 0 1 0 0 0 -1 -1 0 0 3023.DAT
1 7 -64 18 10 0 1 0 0 0 -1 -1 0 0 4070.DAT
1 7 -54 40 10 -1 0 0 0 -1 0 0 0 1 750.DAT
1 7 -54 40 10 1 0 0 0 1 0 0 0 1 755.DAT
1 7 -64 18 -10 0 1 0 -1 0 0 0 0 1 3062B.DAT
1 8 -40 18 0 0 1 0 0 0 -1 -1 0 0 3023.DAT
1 8 -20 8 0 0 0 -1 0 1 0 1 0 0 4287.DAT
1 42 -20 32 0 1 0 0 0 1 0 0 0 1 4073.DAT
1 8 -67 9 -27 0 -0.258819 -0.965926 -0.34202 -0.907673 0.24321 -0.939693 0.330366 -0.0885213 30141.DAT
1 8 -67 9 27 0 -0.258819 -0.965926 0.34202 -0.907673 0.24321 -0.939693 -0.330366 0.0885213 30141.DAT
1 8 40 -24 -10 1 0 0 0 1 0 0 0 1 30364.DAT
1 8 40 -24 10 1 0 0 0 1 0 0 0 1 30364.DAT
1 1 0 -24 0 1 0 0 0 1 0 0 0 1 3941.DAT
1 42 -30 -24 10 1 0 0 0 1 0 0 0 1 3062B.DAT
1 42 -30 -24 -10 1 0 0 0 1 0 0 0 1 3062B.DAT
1 8 -60 -24 -10 1 0 0 0 1 0 0 0 1 3660.DAT
1 8 -60 -24 10 -1 0 0 0 1 0 0 0 -1 3660.DAT
1 8 -100 -24 10 -1 0 0 0 1 0 0 0 -1 3660.DAT
1 8 -100 -24 -10 1 0 0 0 1 0 0 0 1 3660.DAT
1 8 -140 -24 -10 -1 0 0 0 1 0 0 0 -1 30364.DAT
1 8 -140 -24 10 -1 0 0 0 1 0 0 0 -1 30364.DAT
1 8 -150 -48 0 0 0 1 0 1 0 -1 0 0 3660.DAT
1 1 -100 -48 0 1 0 0 0 1 0 0 0 1 3001.DAT
1 8 -100 -48 -30 1 0 0 0 1 0 0 0 1 3037.DAT
1 8 -100 -48 30 -1 0 0 0 1 0 0 0 -1 3037.DAT
1 8 -30 -48 -20 0 0 -1 0 1 0 1 0 0 6564.DAT
1 8 -30 -48 20 0 0 -1 0 1 0 1 0 0 6565.DAT
1 8 10 -48 0 0 0 -1 0 1 0 1 0 0 3298.DAT
1 1 -20 -56 -10 1 0 0 0 1 0 0 0 1 2431.DAT
1 1 -20 -56 10 1 0 0 0 1 0 0 0 1 2431.DAT
1 8 -90 -56 -30 1 0 0 0 1 0 0 0 1 2450.DAT
1 8 -90 -56 30 0 0 -1 0 1 0 1 0 0 2450.DAT
1 8 -140 -56 0 1 0 0 0 1 0 0 0 1 3022.DAT
1 8 -170 -56 0 0 0 1 0 1 0 -1 0 0 2540.DAT
1 42 -130 -56 -30 1 0 0 0 1 0 0 0 1 4073.DAT
1 42 -130 -56 30 1 0 0 0 1 0 0 0 1 4073.DAT
1 7 -130 -80 0 0 0 1 0 1 0 -1 0 0 3298.DAT
1 7 -110 -64 0 0 0 1 0 1 0 -1 0 0 2431.DAT
1 7 -110 -80 0 0 0 1 0 1 0 -1 0 0 6140.DAT
1 7 -80 -64 0 1 0 0 0 1 0 0 0 1 4032.DAT
1 7 -80 -72 0 1 0 0 0 1 0 0 0 1 4150.DAT
1 7 137.25 73.5 0 0.707107 -0.707107 0 0.707107 0.707107 0 0 0 1 MSPleg1middle.ldr
0 Hose
1 7 -54 40 10 0.925 -0.093 0.369 0 -0.969 -0.245 0.381 0.227 -0.896 754.DAT
1 7 -53.744 42.658 9.378 0.866 -0.135 0.482 0 -0.963 -0.27 0.501 0.233 -0.834 754.DAT
1 7 -53.365 45.362 8.723 0.789 -0.186 0.585 0 -0.953 -0.303 0.614 0.239 -0.752 754.DAT
1 7 -52.833 48.085 8.039 0.705 -0.249 0.665 0 -0.937 -0.35 0.71 0.247 -0.66 754.DAT
1 7 -52.116 50.787 7.327 0.617 -0.324 0.717 0 -0.911 -0.412 0.787 0.254 -0.562 754.DAT
1 7 -51.18 53.417 6.594 0.53 -0.416 0.739 0 -0.871 -0.49 0.848 0.26 -0.462 754.DAT
1 7 -49.991 55.909 5.85 0.451 -0.522 0.724 0 -0.811 -0.585 0.892 0.264 -0.366 754.DAT
1 7 -48.524 58.191 5.108 0.382 -0.638 0.669 0 -0.724 -0.69 0.924 0.263 -0.276 754.DAT
1 7 -46.765 60.189 4.382 0.321 -0.752 0.576 0 -0.608 -0.794 0.947 0.255 -0.195 754.DAT
1 7 -44.722 61.842 3.69 0.27 -0.85 0.452 0 -0.47 -0.883 0.963 0.238 -0.127 754.DAT
