0 FILE AZRIEL.ldr
0 WRITE "Azriel" Next-Generation Aerospace Mecha
0 WRITE Name: Azriel.mpd
0 WRITE Author: Mladen Pejic
0 WRITE Website: http://www3.sympatico.ca/mladenpejic/
0 WRITE E-Mail: mladenpejic@sympatico.ca
0 ROTATION CENTER 0 0 0 1 "Custom" 
0 ROTATION CONFIG 0 0
1 0 0 -412 0 1 0 0 0 1 0 0 0 1 AZRwaist.ldr
1 0 0 -412 0 1 0 0 0 1 0 0 0 1 AZRtorso.ldr
1 0 0 0 0 1 0 0 0 1 0 0 0 1 axis20x.dat
0
0 FILE AZRarmL.ldr
0 ROTATION CENTER 0 0 0 1 "Custom" 
0 ROTATION CONFIG 0 0
1 0 0 0 0 1 0 0 0 0 1 0 -1 0 3830.DAT
1 0 30 0 -24 0 0 1 -1 0 0 0 -1 0 3660.DAT
1 0 30 -10 0 1 0 0 0 0 1 0 -1 0 3005.DAT
1 0 40 0 -48 1 0 0 0 0 1 0 -1 0 2654.DAT
1 0 50 0 -24 0 0 -1 1 0 0 0 -1 0 3747.DAT
1 0 50 10 0 -1 0 0 0 0 -1 0 -1 0 4070.DAT
1 0 70 10 0 -1 0 0 0 0 -1 0 -1 0 4070.DAT
1 0 60 24 -10 1 0 0 0 -1 0 0 0 -1 3023.DAT
1 0 60 -10 -16 1 0 0 0 0 1 0 -1 0 3023.DAT
1 0 60 -10 -8 1 0 0 0 0 1 0 -1 0 3023.DAT
1 0 60 -10 0 1 0 0 0 0 1 0 -1 0 2436.DAT
1 0 60 32 -10 0 0 -1 0 -1 0 -1 0 0 6239.DAT
1 0 90 0 0 0 0 1 -1 0 0 0 -1 0 3700.DAT
1 0 102 0 -10 0 0 1 0 1 0 -1 0 0 6217.DAT
1 0 10 0 8 0 0 1 -1 0 0 0 -1 0 3794.DAT
1 0 30 0 8 0 0 1 -1 0 0 0 -1 0 3794.DAT
1 0 50 0 8 0 0 1 -1 0 0 0 -1 0 3794.DAT
1 0 70 0 8 0 0 1 -1 0 0 0 -1 0 3794.DAT
1 0 90 0 8 0 0 1 -1 0 0 0 -1 0 3794.DAT
1 42 110 0 8 1 0 0 0 0 1 0 -1 0 4073.DAT
1 4 60 0 16 1 0 0 0 0 1 0 -1 0 3666.DAT
1 14 0 0 24 0 0 -1 1 0 0 0 -1 0 30407.DAT
1 4 20 0 32 1 0 0 0 0 1 0 -1 0 2412A.DAT
1 4 60 0 32 1 0 0 0 0 1 0 -1 0 2412A.DAT
1 0 80 -32 -10 1 0 0 0 1 0 0 0 1 2431.DAT
1 42 30 -32 -10 1 0 0 0 1 0 0 0 1 4073.DAT
1 42 125.5 0 -13 0.965926 0 0.258819 0 1 0 -0.258819 0 0.965926 AZRhandL.ldr
0
0 FILE AZRarmR.ldr
0 ROTATION CENTER 0 0 0 1 "Custom" 
0 ROTATION CONFIG 0 0
1 0 0 0 0 -1 0 0 0 0 1 0 1 0 3831.DAT
1 0 30 0 24 0 0 1 1 0 0 0 1 0 3660.DAT
1 0 30 -10 0 1 0 0 0 0 -1 0 1 0 3005.DAT
1 0 40 0 48 1 0 0 0 0 -1 0 1 0 2654.DAT
1 0 50 0 24 0 0 -1 -1 0 0 0 1 0 3747.DAT
1 0 50 10 0 1 0 0 0 0 -1 0 1 0 4070.DAT
1 0 70 10 0 1 0 0 0 0 -1 0 1 0 4070.DAT
1 0 60 24 10 1 0 0 0 -1 0 0 0 -1 3023.DAT
1 0 60 -10 16 1 0 0 0 0 -1 0 1 0 3023.DAT
1 0 60 -10 8 1 0 0 0 0 -1 0 1 0 3023.DAT
1 0 60 -10 0 -1 0 0 0 0 1 0 1 0 2436.DAT
1 0 60 32 10 0 0 -1 0 -1 0 -1 0 0 6239.DAT
1 0 90 0 0 0 0 1 1 0 0 0 1 0 3700.DAT
1 0 102 0 10 0 0 1 0 1 0 -1 0 0 6217.DAT
1 0 10 0 -8 0 0 1 1 0 0 0 1 0 3794.DAT
1 0 30 0 -8 0 0 1 1 0 0 0 1 0 3794.DAT
1 0 50 0 -8 0 0 1 1 0 0 0 1 0 3794.DAT
1 0 70 0 -8 0 0 1 1 0 0 0 1 0 3794.DAT
1 0 90 0 -8 0 0 1 1 0 0 0 1 0 3794.DAT
1 42 110 0 -8 1 0 0 0 0 -1 0 1 0 4073.DAT
1 4 60 0 -16 1 0 0 0 0 -1 0 1 0 3666.DAT
1 14 0 0 -24 0 0 -1 -1 0 0 0 1 0 30407.DAT
1 4 20 0 -32 1 0 0 0 0 -1 0 1 0 2412A.DAT
1 4 60 0 -32 1 0 0 0 0 -1 0 1 0 2412A.DAT
1 0 80 -32 10 1 0 0 0 1 0 0 0 1 2431.DAT
1 42 30 -32 10 1 0 0 0 1 0 0 0 1 4073.DAT
1 42 124 0 16 0.857167 0 -0.515038 0 1 0 0.515038 0 0.857167 AZRhandR.ldr
0
0 FILE AZRbackthrust.ldr
0 ROTATION CENTER 0 0 0 1 "Custom" 
0 ROTATION CONFIG 0 0
1 0 0 0 -10 1 0 0 0 1 0 0 0 1 2555.DAT
1 0 0 0 10 1 0 0 0 1 0 0 0 1 2555.DAT
1 0 -20 0 0 0 0 1 0 1 0 -1 0 0 3069B.DAT
1 0 -10 8 0 1 0 0 0 1 0 0 0 1 6233.DAT
0
0 FILE AZRbicepL.ldr
0 ROTATION CENTER 0 0 0 1 "Custom" 
0 ROTATION CONFIG 0 0
1 0 0 0 0 1 0 0 0 0 1 0 -1 0 3700.DAT
1 0 0 50 0 0 0 -1 1 0 0 0 -1 0 3831.DAT
1 0 0 49 -16 0 0 1 0 1 0 -1 0 0 AZRstiffhose.ldr
1 0 -10 20 8 0 0 1 -1 0 0 0 -1 0 3623.DAT
1 0 0 10 -24 1 0 0 0 0 1 0 -1 0 4032.DAT
1 0 0 10 -32 1 0 0 0 0 1 0 -1 0 2654.DAT
1 0 10 20 -16 1 0 0 0 0 1 0 -1 0 3024.DAT
1 0 10 0 16 -1 0 0 0 0 -1 0 -1 0 6091.DAT
1 0 0 0 16 1 0 0 0 0 1 0 -1 0 2412A.DAT
1 0 -10 30 16 0 0 1 -1 0 0 0 -1 0 3069B.DAT
1 0 0 50 0 0.642788 -0.766044 0 0.766044 0.642788 0 0 0 1 AZRarmL.ldr
0
0 FILE AZRbicepR.ldr
0 ROTATION CENTER 0 0 0 1 "Custom" 
0 ROTATION CONFIG 0 0
1 0 0 0 0 1 0 0 0 0 -1 0 1 0 3700.DAT
1 0 0 50 0 0 0 -1 -1 0 0 0 1 0 3830.DAT
1 0 0 49 16 0 0 1 0 1 0 -1 0 0 AZRstiffhose.ldr
1 0 -10 20 -8 0 0 1 1 0 0 0 1 0 3623.DAT
1 0 0 10 24 1 0 0 0 0 -1 0 1 0 4032.DAT
1 0 0 10 32 1 0 0 0 0 -1 0 1 0 2654.DAT
1 0 10 20 16 1 0 0 0 0 -1 0 1 0 3024.DAT
1 0 10 0 -16 1 0 0 0 0 -1 0 1 0 6091.DAT
1 0 0 0 -16 1 0 0 0 0 -1 0 1 0 2412A.DAT
1 0 -10 30 -16 0 0 1 1 0 0 0 1 0 3069B.DAT
1 0 0 50 0 0.766044 -0.642788 0 0.642788 0.766044 0 0 0 1 AZRarmR.ldr
0
0 FILE AZRchesthatch.ldr
0 ROTATION CENTER 0 0 0 1 "Custom" 
0 ROTATION CONFIG 0 0
1 0 0 0 10 -1 0 0 0 1 0 0 0 -1 4276.DAT
1 0 0 0 -10 -1 0 0 0 1 0 0 0 -1 4276.DAT
1 0 0 8 0 1 0 0 0 1 0 0 0 1 3022.DAT
1 0 -30 8 0 0 0 1 0 1 0 -1 0 0 3069B.DAT
1 0 -20 16 0 1 0 0 0 1 0 0 0 1 3022.DAT
1 14 -10 24 -20 1 0 0 0 1 0 0 0 1 3021.DAT
1 14 -10 24 20 1 0 0 0 1 0 0 0 1 3021.DAT
1 42 30 24 10 1 0 0 0 1 0 0 0 1 4073.DAT
1 42 30 24 -10 1 0 0 0 1 0 0 0 1 4073.DAT
1 14 60 24 0 0 0 -1 0 1 0 1 0 0 4859.DAT
1 0 10 0 0 0 0 -1 0 1 0 1 0 0 6153.DAT
1 0 30 -8 0 0 0 1 0 1 0 -1 0 0 2412A.DAT
1 0 10 -8 0 0 0 1 0 1 0 -1 0 0 2412A.DAT
1 0 -10 -8 10 1 0 0 0 1 0 0 0 1 4073.DAT
1 0 -10 -8 -10 1 0 0 0 1 0 0 0 1 4073.DAT
0
0 FILE AZRchestsideL.ldr
0 ROTATION CENTER 0 0 0 1 "Custom" 
0 ROTATION CONFIG 0 0
1 0 0 0 0 1 0 0 0 1 0 0 0 1 2430.DAT
1 0 70 0 10 1 0 0 0 1 0 0 0 1 3623.DAT
1 0 40 -8 10 1 0 0 0 1 0 0 0 1 3023.DAT
1 0 80 -24 10 1 0 0 0 1 0 0 0 1 4865.DAT
1 0 40 -24 10 0 0 1 0 1 0 -1 0 0 4595.DAT
0 WRITE Next Piece Should Be More Detailed
1 15 20 -14 -8 1 0 0 0 0 -1 0 1 0 3069P52.DAT
1 0 50 -14 -8 1 0 0 0 0 -1 0 1 0 4592.DAT
1 0 40 -14 28 1 0 0 0 0 1 0 -1 0 2431.DAT
1 0 40 -32 10 1 0 0 0 1 0 0 0 1 2431.DAT
0
0 FILE AZRchestsideR.ldr
0 ROTATION CENTER 0 0 0 1 "Custom" 
0 ROTATION CONFIG 0 0
1 0 0 0 0 -1 0 0 0 1 0 0 0 -1 2429.DAT
1 0 70 0 -10 1 0 0 0 1 0 0 0 1 3623.DAT
1 0 40 -8 -10 1 0 0 0 1 0 0 0 1 3023.DAT
1 0 80 -24 -10 -1 0 0 0 1 0 0 0 -1 4865.DAT
1 0 40 -24 -10 0 0 1 0 1 0 -1 0 0 4595.DAT
1 15 20 -14 8 -1 0 0 0 0 -1 0 -1 0 3069BP68.DAT
1 0 50 -14 8 1 0 0 0 0 1 0 -1 0 4592.DAT
1 0 40 -14 -28 1 0 0 0 0 -1 0 1 0 2431.DAT
1 0 40 -32 -10 1 0 0 0 1 0 0 0 1 2431.DAT
0
0 FILE AZRecmtube.ldr
0 ROTATION CENTER 0 0 0 1 "Custom" 
0 ROTATION CONFIG 0 0
1 0 0 0 0 1 0 0 0 0 -1 0 1 0 3959.DAT
1 0 0 -8 0 1 0 0 0 -1 0 0 0 -1 3062B.DAT
0
0 FILE AZRfootL.ldr
0 ROTATION CENTER 0 0 0 1 "Custom" 
0 ROTATION CONFIG 0 0
1 4 0 0 0 0 0 1 0 1 0 -1 0 0 3747.DAT
1 4 40 0 0 0 0 -1 0 1 0 1 0 0 6134.DAT
1 4 60 0 10 1 0 0 0 1 0 0 0 1 4073.DAT
1 4 60 0 -10 1 0 0 0 1 0 0 0 1 4073.DAT
1 14 10 -24 -10 1 0 0 0 1 0 0 0 1 30236.DAT
1 14 10 -24 10 -1 0 0 0 1 0 0 0 -1 30236.DAT
1 14 50 -8 0 0 0 -1 0 1 0 1 0 0 4859.DAT
1 14 50 -16 0 1 0 0 0 1 0 0 0 1 3068B.DAT
1 14 -30 -24 -10 1 0 0 0 1 0 0 0 1 3700.DAT
1 14 -30 -24 10 1 0 0 0 1 0 0 0 1 3700.DAT
1 0 -30 -14 -20 0 0 1 0 1 0 -1 0 0 4459.DAT
1 0 -30 -14 20 0 0 1 0 1 0 -1 0 0 4459.DAT
1 0 -40 -48 -10 0 0 -1 0 1 0 1 0 0 4070.DAT
1 0 -40 -48 10 0 0 -1 0 1 0 1 0 0 4070.DAT
1 0 0 -48 10 0 0 -1 0 1 0 1 0 0 4070.DAT
1 0 0 -48 -10 0 0 -1 0 1 0 1 0 0 4070.DAT
1 0 -10 -38 -10 0 -1 0 0 0 -1 1 0 0 6541.DAT
1 0 -10 -38 10 0 -1 0 1 0 0 0 0 1 3062B.DAT
1 0 54 -38 0 0 -1 0 0 0 1 -1 0 0 4864B.DAT
1 0 86 -38 0 0 -1 0 0 0 1 -1 0 0 2432.DAT
1 0 0 -56 0 0 0 1 0 1 0 -1 0 0 3069B.DAT
1 0 -50 -38 0 0 -1 0 0 0 -1 1 0 0 3023.DAT
1 14 -50 -18 0 0 -1 0 0 0 -1 1 0 0 3069B.DAT
1 0 -58 -28 0 0 -1 0 1 0 0 0 0 1 3941.DAT
1 0 -82 -28 0 0 -1 0 1 0 0 0 0 1 2654.DAT
1 0 -38.25 -19.75 -30 0.573576 0.819152 0 -0.819152 0.573576 0 0 0 1 AZRheelclaw.ldr
1 0 -38.25 -19.75 30 0.573576 0.819152 0 -0.819152 0.573576 0 0 0 1 AZRheelclaw.ldr
1 0 48.75 5.25 0 0.48481 -0.87462 0 0.87462 0.48481 0 0 0 1 AZRfootthrust.ldr
1 0 -20 -50 -10 0.891007 -0.45399 0 0 0 -1 0.45399 0.891007 0 6048.DAT
0
0 FILE AZRfootR.ldr
0 ROTATION CENTER 0 0 0 1 "Custom" 
0 ROTATION CONFIG 0 0
1 4 0 0 0 0 0 1 0 1 0 -1 0 0 3747.DAT
1 4 40 0 0 0 0 -1 0 1 0 1 0 0 6134.DAT
1 4 60 0 10 1 0 0 0 1 0 0 0 1 4073.DAT
1 4 60 0 -10 1 0 0 0 1 0 0 0 1 4073.DAT
1 14 10 -24 -10 1 0 0 0 1 0 0 0 1 30236.DAT
1 14 10 -24 10 -1 0 0 0 1 0 0 0 -1 30236.DAT
1 14 50 -8 0 0 0 -1 0 1 0 1 0 0 4859.DAT
1 14 50 -16 0 1 0 0 0 1 0 0 0 1 3068B.DAT
1 14 -30 -24 -10 1 0 0 0 1 0 0 0 1 3700.DAT
1 14 -30 -24 10 1 0 0 0 1 0 0 0 1 3700.DAT
1 0 -30 -14 -20 0 0 1 0 1 0 -1 0 0 4459.DAT
1 0 -30 -14 20 0 0 1 0 1 0 -1 0 0 4459.DAT
1 0 -40 -48 -10 0 0 -1 0 1 0 1 0 0 4070.DAT
1 0 -40 -48 10 0 0 -1 0 1 0 1 0 0 4070.DAT
1 0 0 -48 10 0 0 -1 0 1 0 1 0 0 4070.DAT
1 0 0 -48 -10 0 0 -1 0 1 0 1 0 0 4070.DAT
1 0 -10 -38 10 0 -1 0 0 0 -1 1 0 0 6541.DAT
1 0 -10 -38 -10 0 -1 0 1 0 0 0 0 1 3062B.DAT
1 0 54 -38 0 0 -1 0 0 0 1 -1 0 0 4864B.DAT
1 0 86 -38 0 0 -1 0 0 0 1 -1 0 0 2432.DAT
1 0 0 -56 0 0 0 1 0 1 0 -1 0 0 3069B.DAT
1 0 -50 -38 0 0 -1 0 0 0 -1 1 0 0 3023.DAT
1 14 -50 -18 0 0 -1 0 0 0 -1 1 0 0 3069B.DAT
1 0 -58 -28 0 0 -1 0 1 0 0 0 0 1 3941.DAT
1 0 -82 -28 0 0 -1 0 1 0 0 0 0 1 2654.DAT
1 0 -38.25 -19.75 -30 0.573576 0.819152 0 -0.819152 0.573576 0 0 0 1 AZRheelclaw.ldr
1 0 -38.25 -19.75 30 0.573576 0.819152 0 -0.819152 0.573576 0 0 0 1 AZRheelclaw.ldr
1 0 48.75 5.25 0 0.48481 -0.87462 0 0.87462 0.48481 0 0 0 1 AZRfootthrust.ldr
1 0 -20 -50 10 0.891007 0.45399 0 0 0 -1 -0.45399 0.891007 0 6048.DAT
0
0 FILE AZRfootthrust.ldr
0 ROTATION CENTER 0 0 0 1 "Custom" 
0 ROTATION CONFIG 0 0
1 0 0 0 0 0 0 1 0 1 0 -1 0 0 3937.DAT
1 0 0 24 0 0 0 -1 0 1 0 1 0 0 4590.DAT
1 0 -10 40 -30 1 0 0 0 1 0 0 0 1 4589.DAT
1 0 -10 40 30 1 0 0 0 1 0 0 0 1 4589.DAT
0
0 FILE AZRfueltanklarge.ldr
0 ROTATION CENTER 0 0 0 1 "Custom" 
0 ROTATION CONFIG 0 0
1 0 0 0 0 0 1 0 0 0 -1 -1 0 0 2817.DAT
1 0 10 0 -20 0 0 1 0 1 0 -1 0 0 4459.DAT
1 0 10 0 20 0 0 1 0 1 0 -1 0 0 4459.DAT
1 4 -24 0 0 0 1 0 -1 0 0 0 0 1 3941.DAT
1 0 -60 0 0 1 0 0 0 1 0 0 0 1 3706.DAT
0 WRITE Next Piece Is A Mockup
1 4 -16 0 0 0 1 0 -1 0 0 0 0 1 4266mockup.ldr
0 WRITE Next Piece Is A Mockup
1 4 -64 0 0 0 1 0 -1 0 0 0 0 1 4266mockup.ldr
1 0 -124 0 0 0 1 0 -1 0 0 0 0 1 3960.DAT
0
0 FILE AZRfueltanksmall.ldr
0 ROTATION CENTER 0 0 0 1 "Custom" 
0 ROTATION CONFIG 0 0
1 14 0 0 0 0 0 1 1 0 0 0 1 0 3938.DAT
1 14 0 0 -24 0 0 1 1 0 0 0 1 0 3700.DAT
1 14 0 0 -32 0 0 1 1 0 0 0 1 0 3069B.DAT
1 0 0 0 -14 1 0 0 0 1 0 0 0 1 3706.DAT
1 14 34 0 -14 0 -1 0 1 0 0 0 0 1 3941.DAT
1 14 -34 0 -14 0 1 0 -1 0 0 0 0 1 3941.DAT
1 4 42 0 -14 0 -1 0 1 0 0 0 0 1 4032.DAT
1 4 -42 0 -14 0 1 0 -1 0 0 0 0 1 4032.DAT
1 14 82 0 -14 0 -1 0 1 0 0 0 0 1 30151.DAT
1 14 -82 0 -14 0 1 0 -1 0 0 0 0 1 30151.DAT
0
0 FILE AZRgun.ldr
0 ROTATION CENTER 0 0 0 1 "Custom" 
0 ROTATION CONFIG 0 0
1 0 0 0 0 0 0 -1 -1 0 0 0 1 0 3937.DAT
1 0 0 -10 24 0 0 -1 -1 0 0 0 1 0 4081B.DAT
1 0 0 10 24 0 0 -1 -1 0 0 0 1 0 4081B.DAT
1 0 0 0 32 0 0 1 1 0 0 0 1 0 2540.DAT
1 0 20 22 26 1 0 0 0 1 0 0 0 1 3957.DAT
1 42 20 30 26 1 0 0 0 1 0 0 0 1 4073.DAT
1 0 10 -24 26 0 0 1 0 -1 0 1 0 0 4595.DAT
1 0 20 -40 26 1 0 0 0 -1 0 0 0 -1 3062B.DAT
1 0 -26 -34 26 0 -1 0 1 0 0 0 0 1 3062B.DAT
1 0 -70 -44 26 0 0 1 0 1 0 -1 0 0 4595.DAT
1 0 -70 -28 26 1 0 0 0 1 0 0 0 1 3023.DAT
1 0 -106 -34 26 0 -1 0 1 0 0 0 0 1 3005.DAT
1 0 -150 -44 26 0 0 1 0 1 0 -1 0 0 4595.DAT
1 0 -186 -34 26 0 -1 0 0 0 -1 1 0 0 4287.DAT
1 0 -162 -4 26 0 -1 0 1 0 0 0 0 1 3004.DAT
1 0 -90 -14 26 0 -1 0 0 0 -1 1 0 0 4460.DAT
1 0 -180 -52 26 1 0 0 0 1 0 0 0 1 3623.DAT
1 0 -70 -52 26 1 0 0 0 1 0 0 0 1 3460.DAT
1 0 -180 -76 26 0 0 1 0 1 0 -1 0 0 3040B.DAT
1 0 -160 -76 26 0 0 -1 0 1 0 1 0 0 4286.DAT
1 0 -170 -84 26 1 0 0 0 1 0 0 0 1 2412A.DAT
1 0 -90 -60 26 1 0 0 0 1 0 0 0 1 3069B.DAT
1 0 -10 -60 26 1 0 0 0 1 0 0 0 1 3069B.DAT
1 0 -50 -100 26 1 0 0 0 1 0 0 0 1 6187.DAT
1 4 -50 -34 8 1 0 0 0 0 -1 0 1 0 3460.DAT
1 4 -50 -34 44 1 0 0 0 0 1 0 -1 0 3460.DAT
1 4 -160 -14 8 1 0 0 0 0 -1 0 1 0 2450.DAT
1 4 -160 -14 44 0 0 -1 1 0 0 0 -1 0 2450.DAT
1 0 -170 -34 0 -1 0 0 0 0 1 0 1 0 2540.DAT
1 0 -170 -34 52 1 0 0 0 0 1 0 -1 0 2540.DAT
1 0 -90 -34 0 1 0 0 0 0 -1 0 1 0 6636.DAT
1 0 -90 -34 52 1 0 0 0 0 1 0 -1 0 6636.DAT
1 0 -20 -34 0 1 0 0 0 0 -1 0 1 0 4073.DAT
1 0 -20 -34 52 1 0 0 0 0 1 0 -1 0 4073.DAT
1 0 10 -34 0 1 0 0 0 0 -1 0 1 0 2412A.DAT
1 0 10 -34 52 1 0 0 0 0 1 0 -1 0 2412A.DAT
1 14 50 -34 26 1 0 0 0 1 0 0 0 1 75535.DAT
1 0 70 -34 26 1 0 0 0 1 0 0 0 1 4459.DAT
1 0 110 -34 26 1 0 0 0 1 0 0 0 1 4459.DAT
1 0 150 -34 26 1 0 0 0 1 0 0 0 1 4459.DAT
1 0 190 -34 26 1 0 0 0 1 0 0 0 1 4459.DAT
1 0 230 -34 26 1 0 0 0 1 0 0 0 1 4459.DAT
1 0 270 -34 26 1 0 0 0 1 0 0 0 1 4459.DAT
1 0 310 -34 26 1 0 0 0 1 0 0 0 1 4459.DAT
1 0 350 -34 26 1 0 0 0 1 0 0 0 1 4459.DAT
1 0 390 -34 26 1 0 0 0 1 0 0 0 1 4459.DAT
1 14 90 -34 26 1 0 0 0 1 0 0 0 1 75535.DAT
1 14 130 -34 26 1 0 0 0 1 0 0 0 1 75535.DAT
1 14 170 -34 26 1 0 0 0 1 0 0 0 1 75535.DAT
1 14 210 -34 26 1 0 0 0 1 0 0 0 1 75535.DAT
1 14 250 -34 26 1 0 0 0 1 0 0 0 1 75535.DAT
1 14 290 -34 26 1 0 0 0 1 0 0 0 1 75535.DAT
1 14 330 -34 26 1 0 0 0 1 0 0 0 1 75535.DAT
1 14 370 -34 26 1 0 0 0 1 0 0 0 1 75535.DAT
1 14 410 -34 26 1 0 0 0 1 0 0 0 1 75535.DAT
1 4 430 -34 26 0 1 0 -1 0 0 0 0 1 4073.DAT
1 4 438 -34 26 0 1 0 -1 0 0 0 0 1 4073.DAT
0
0 FILE AZRhandL.ldr
0 ROTATION CENTER 0 0 0 1 "Custom" 
0 ROTATION CONFIG 0 0
1 0 0 0 0 0 0 -1 0 1 0 1 0 0 6048.DAT
1 14 22 0 10 -1 0 0 0 0 -1 0 -1 0 2444.DAT
1 14 32 0 2 0 0 1 -1 0 0 0 -1 0 3938.DAT
1 0 12 0 18 0 0 -1 1 0 0 0 -1 0 3839B.DAT
1 0 32 0 18 0 0 -1 1 0 0 0 -1 0 2540.DAT
1 4 12 -10 26 1 0 0 0 0 1 0 -1 0 4073.DAT
1 4 12 10 26 1 0 0 0 0 1 0 -1 0 4073.DAT
1 4 32 0 26 0 0 -1 1 0 0 0 -1 0 2412A.DAT
1 0 72 -16 12.75 0 -0.258819 0.965926 -1 0 0 0 -0.965926 -0.258819 6019.DAT
1 0 70.5 16 7.75 0 -0.5 0.866025 -1 0 0 0 -0.866025 -0.5 6019.DAT
1 0 22.25 0 -5.25 0 0.965926 -0.258819 1 0 0 0 -0.258819 -0.965926 3937.DAT
0
0 FILE AZRhandR.ldr
0 ROTATION CENTER 0 0 0 1 "Custom" 
0 ROTATION CONFIG 0 0
1 0 0 0 0 0 0 -1 0 1 0 1 0 0 6048.DAT
1 14 22 0 -10 -1 0 0 0 0 1 0 1 0 2444.DAT
1 14 32 0 -2 0 0 1 1 0 0 0 1 0 3938.DAT
1 0 12 0 -18 0 0 -1 -1 0 0 0 1 0 3839B.DAT
1 0 32 0 -18 0 0 -1 -1 0 0 0 1 0 2540.DAT
1 4 12 -10 -26 1 0 0 0 0 -1 0 1 0 4073.DAT
1 4 12 10 -26 1 0 0 0 0 -1 0 1 0 4073.DAT
1 4 32 0 -26 0 0 1 1 0 0 0 1 0 2412A.DAT
1 0 71 -16 -23 0 0.258819 0.965926 1 0 0 0 0.965926 -0.258819 6019.DAT
1 0 67.75 16 -3.5 0 -0.694658 0.71934 1 0 0 0 0.71934 0.694658 6019.DAT
1 0 26 0 0 0.798636 0 0.601815 0 1 0 -0.601815 0 0.798636 AZRgun.ldr
0
0 FILE AZRhead.ldr
0 ROTATION CENTER 0 0 0 1 "Custom" 
0 ROTATION CONFIG 0 0
1 7 0 0 0 1 0 0 0 1 0 0 0 1 3679.DAT
1 0 10 -8 0 0 0 1 0 1 0 -1 0 0 3794.DAT
1 0 -10 -24 0 0 0 1 0 1 0 -1 0 0 3937.DAT
1 42 30 -8 0 1 0 0 0 1 0 0 0 1 3024.DAT
1 42 20 -16 0 1 0 0 0 1 0 0 0 1 3023.DAT
1 4 20 -24 0 1 0 0 0 1 0 0 0 1 3794.DAT
1 4 5.5 -30.25 0 0.939693 0.34202 0 -0.34202 0.939693 0 0 0 1 AZRheadtop.ldr
0
0 FILE AZRheadfront.ldr
0 ROTATION CENTER 0 0 0 1 "Custom" 
0 ROTATION CONFIG 0 0
1 0 0 0 0 0 0 1 0 1 0 -1 0 0 6019.DAT
1 0 -20 -32 0 0 0 -1 0 1 0 1 0 0 6091.DAT
1 0 -20 -16 0 1 0 0 0 1 0 0 0 1 3024.DAT
1 0 -20 -32 0 1 0 0 0 1 0 0 0 1 4073.DAT
0
0 FILE AZRheadhatch.ldr
0 ROTATION CENTER 0 0 0 1 "Custom" 
0 ROTATION CONFIG 0 0
1 0 0 0 0 0 0 -1 0 1 0 1 0 0 4213.DAT
1 0 20 -8 10 1 0 0 0 1 0 0 0 1 4275.DAT
1 0 20 -8 -10 1 0 0 0 1 0 0 0 1 4275.DAT
1 0 -10 -8 30 0 0 1 0 1 0 -1 0 0 2420.DAT
1 0 -10 -8 -30 1 0 0 0 1 0 0 0 1 2420.DAT
1 0 30 -16 0 0 0 1 0 1 0 -1 0 0 3069B.DAT
1 0 0 -16 10 1 0 0 0 1 0 0 0 1 3794.DAT
1 0 0 -16 -10 1 0 0 0 1 0 0 0 1 3794.DAT
1 0 10 -24 0 1 0 0 0 1 0 0 0 1 3680.DAT
1 0 0 -32 -30 -1 0 0 0 1 0 0 0 -1 4865.DAT
1 0 0 -32 30 1 0 0 0 1 0 0 0 1 4865.DAT
1 0 10 -24 0 0.965926 0 -0.258819 0 1 0 0.258819 0 0.965926 AZRhead.ldr
1 0 80 -8 0 1 0 0 0 1 0 0 0 1 AZRchesthatch.ldr
0
0 FILE AZRheadtop.ldr
0 ROTATION CENTER 0 0 0 1 "Custom" 
0 ROTATION CONFIG 0 0
1 4 -20 0 0 0 0 1 0 1 0 -1 0 0 6134.DAT
1 0 0 -8 0 0 0 -1 0 1 0 1 0 0 2540.DAT
1 0 -20 -8 0 0 0 1 0 1 0 -1 0 0 3794.DAT
1 0 -40 -8 0 1 0 0 0 1 0 0 0 1 3024.DAT
1 0 -50 -32 0 -1 0 0 0 1 0 0 0 -1 2743.DAT
1 0 0 -32 0 0 0 -1 0 1 0 1 0 0 3660.DAT
1 0 -30 -40 0 1 0 0 0 1 0 0 0 1 2412A.DAT
1 0 10 -40 0 1 0 0 0 1 0 0 0 1 3068B.DAT
1 0 33.5 8.75 0 0.601815 -0.798636 0 0.798636 0.601815 0 0 0 1 AZRheadfront.ldr
1 0 34 -4.25 -20 0.788011 0 0.615661 -0.615661 0 0.788011 0 -1 0 2654.DAT
1 0 34 -4.25 20 0.615661 0 0.788011 0.788011 0 -0.615661 0 1 0 2654.DAT
0
0 FILE AZRheelclaw.ldr
0 ROTATION CENTER 0 0 0 1 "Custom" 
0 ROTATION CONFIG 0 0
1 14 0 0 0 0 0 1 0 1 0 -1 0 0 2823.DAT
1 14 0 -8 0 1 0 0 0 1 0 0 0 1 3069B.DAT
0
0 FILE AZRlegL.ldr
0 ROTATION CENTER 0 0 0 1 "Custom" 
0 ROTATION CONFIG 0 0
1 0 0 0 0 0.87462 -0.48481 0 0.48481 0.87462 0 0 0 1 AZRfootL.ldr
1 0 12 -76 -13.4 0 -1 0 0.965926 0 -0.258819 0.258819 0 0.965926 AZRshinL.ldr
0
0 FILE AZRlegR.ldr
0 ROTATION CENTER 0 0 0 1 "Custom" 
0 ROTATION CONFIG 0 0
1 0 0 0 0 0.87462 -0.48481 0 0.48481 0.87462 0 0 0 1 AZRfootR.ldr
1 0 12 -76 13.4 0 -1 0 0.965926 0 0.258819 -0.258819 0 0.965926 AZRshinR.ldr
0
0 FILE AZRlegthrust.ldr
0 ROTATION CENTER 0 0 0 1 "Custom" 
0 ROTATION CONFIG 0 0
1 4 0 0 0 1 0 0 0 1 0 0 0 1 2555.DAT
1 0 0 8 0 1 0 0 0 1 0 0 0 1 3942B.DAT
1 0 0 56 0 1 0 0 0 1 0 0 0 1 4740.DAT
0
0 FILE AZRlegthrustjoint.ldr
0 ROTATION CENTER 0 0 0 1 "Custom" 
0 ROTATION CONFIG 0 0
1 0 0 0 0 0 0 1 0 1 0 -1 0 0 3937.DAT
1 0 0 24 0 0 0 1 0 1 0 -1 0 0 2540.DAT
1 42 0 32 -10 1 0 0 0 1 0 0 0 1 4073.DAT
1 42 0 32 10 1 0 0 0 1 0 0 0 1 4073.DAT
1 42 -22.5 31.5 0 0.906308 -0.422618 0 0.422618 0.906308 0 0 0 1 AZRlegthrust.ldr
0
0 FILE AZRmissile.ldr
0 ROTATION CENTER 0 0 0 1 "Custom" 
0 ROTATION CONFIG 0 0
1 0 0 0 0 0 -1 0 1 0 0 0 0 1 3957.DAT
1 0 -26 0 0 0 0 1 1 0 0 0 1 0 4349.DAT
1 4 89 0 0 0 -1 0 1 0 0 0 0 1 4592.DAT
1 4 81 0 0 0 -1 0 1 0 0 0 0 1 3062B.DAT
0
0 FILE AZRmissilecoverL.ldr
0 ROTATION CENTER 0 0 0 1 "Custom" 
0 ROTATION CONFIG 0 0
1 0 0 0 0 0 -1 0 1 0 0 0 0 1 4857.DAT
1 14 32 30 0 0 -1 0 0 0 -1 1 0 0 2432.DAT
1 14 8 0 10 0 -1 0 1 0 0 0 0 1 3069B.DAT
1 14 24 0 -10 0 -1 0 1 0 0 0 0 1 4865.DAT
1 14 8 -30 0 0 -1 0 0 0 -1 1 0 0 2412A.DAT
0
0 FILE AZRmissilecoverR.ldr
0 ROTATION CENTER 0 0 0 1 "Custom" 
0 ROTATION CONFIG 0 0
1 0 0 0 0 0 -1 0 -1 0 0 0 0 -1 4857.DAT
1 14 32 30 0 0 -1 0 0 0 -1 1 0 0 2432.DAT
1 14 8 0 -10 0 -1 0 1 0 0 0 0 1 3069B.DAT
1 14 24 0 10 0 -1 0 -1 0 0 0 0 -1 4865.DAT
1 14 8 -30 0 0 -1 0 0 0 -1 1 0 0 2412A.DAT
0
0 FILE AZRshinL.ldr
0 ROTATION CENTER 0 0 0 1 "Custom" 
0 ROTATION CONFIG 0 0
1 0 0 0 0 0 0 1 0.920505 0.390731 0 -0.390731 0.920505 0 6217.DAT
1 0 -12 -10 10 0 0 1 0 1 0 -1 0 0 32000.DAT
1 0 8 -10 20 -1 0 0 0 1 0 0 0 -1 2921.DAT
1 0 -12 14 20 0 0 -1 0 1 0 1 0 0 3665.DAT
1 0 -32 14 0 1 0 0 0 1 0 0 0 1 2420.DAT
1 0 -12 22 0 1 0 0 0 1 0 0 0 1 3005.DAT
1 42 -12 38 20 1 0 0 0 1 0 0 0 1 4073.DAT
1 0 -162 22 20 0 0 -1 0 1 0 1 0 0 30359A.DAT
1 0 -162 22 0 0 0 -1 0 1 0 1 0 0 30359A.DAT
1 0 -22 30 10 1 0 0 0 1 0 0 0 1 4871.DAT
1 0 -22 6 -20 -1 0 0 0 1 0 0 0 -1 4865.DAT
1 0 -22 6 40 1 0 0 0 1 0 0 0 1 4865.DAT
1 0 -22 0 20 0 -1 0 1 0 0 0 0 1 3024.DAT
1 0 -22 0 0 0 -1 0 1 0 0 0 0 1 3070A.DAT
1 4 -22 -30 10 0 -1 0 1 0 0 0 0 1 3068B.DAT
1 4 -62 -34 10 0 0 -1 0 1 0 1 0 0 2397.DAT
1 4 -12 -42 0 1 0 0 0 1 0 0 0 1 4070.DAT
1 4 -12 -42 20 -1 0 0 0 1 0 0 0 -1 4070.DAT
1 4 -12 -32 -14 1 0 0 0 0 -1 0 1 0 4073.DAT
1 4 -12 -32 34 1 0 0 0 0 1 0 -1 0 4073.DAT
1 4 8 -50 10 0 0 -1 0 1 0 1 0 0 2432.DAT
1 4 -12 -50 10 0 0 1 0 1 0 -1 0 0 2412A.DAT
1 14 -30 -40 10 0 -1 0 0 0 -1 1 0 0 3938.DAT
1 14 -30 -10 10 0 -1 0 1 0 0 0 0 1 3941.DAT
1 0 -54 -10 10 0 -1 0 1 0 0 0 0 1 3940.DAT
1 0 -152 46 0 0 0 1 0 1 0 -1 0 0 2449.DAT
1 0 -152 46 20 0 0 1 0 1 0 -1 0 0 2449.DAT
1 14 -142 86 10 0 1 0 -1 0 0 0 0 1 3022.DAT
1 14 -142 56 10 0 1 0 0 0 -1 -1 0 0 3710.DAT
1 14 -142 116 10 0 1 0 0 0 -1 -1 0 0 3069B.DAT
1 4 -152 118 0 1 0 0 0 1 0 0 0 1 4073.DAT
1 4 -152 118 20 1 0 0 0 1 0 0 0 1 4073.DAT
1 0 -134 66 10 0 1 0 -1 0 0 0 0 1 3022.DAT
1 0 -126 56 10 0 1 0 0 0 -1 -1 0 0 3023.DAT
1 0 -134 56 10 0 1 0 0 0 -1 -1 0 0 4855.DAT
1 14 -110 56 10 0 1 0 0 0 -1 -1 0 0 3938.DAT
1 14 -106 48 10 0.788011 0.615661 0 -0.615661 0.788011 0 0 0 1 AZRlegthrustjoint.ldr
1 0 -152 14 10 0 0 1 0 1 0 -1 0 0 3794.DAT
1 0 -172 14 10 0 0 1 0 1 0 -1 0 0 3794.DAT
1 0 -142 6 10 1 0 0 0 1 0 0 0 1 3710.DAT
1 0 -122 -2 10 1 0 0 0 1 0 0 0 1 3023.DAT
1 0 -122 -26 10 1 0 0 0 1 0 0 0 1 32000.DAT
1 14 -122 -16 0 1 0 0 0 0 1 0 -1 0 3023.DAT
1 14 -122 -16 20 1 0 0 0 0 -1 0 1 0 3023.DAT
1 14 -122 4 0 1 0 0 0 0 1 0 -1 0 3069B.DAT
1 14 -122 4 20 1 0 0 0 0 -1 0 1 0 3069B.DAT
1 0 -122 -6 -8 1 0 0 0 0 1 0 -1 0 4032.DAT
1 0 -122 -6 28 1 0 0 0 0 -1 0 1 0 4032.DAT
1 0 -122 -6 -16 1 0 0 0 0 1 0 -1 0 2654.DAT
1 0 -122 -6 36 1 0 0 0 0 -1 0 1 0 2654.DAT
1 4 -132 -34 10 0 0 1 0 1 0 -1 0 0 3023.DAT
1 14 -112 -42 10 0 0 1 0 1 0 -1 0 0 3794.DAT
1 14 -132 -42 10 0 0 1 0 1 0 -1 0 0 3794.DAT
1 0 -162 6 30 1 0 0 0 1 0 0 0 1 3023.DAT
1 0 -162 6 -10 1 0 0 0 1 0 0 0 1 2540.DAT
1 0 -162 -2 10 0 0 1 0 1 0 -1 0 0 3021.DAT
1 0 -152 -26 30 -1 0 0 0 1 0 0 0 -1 4070.DAT
1 0 -172 -26 30 -1 0 0 0 1 0 0 0 -1 4070.DAT
1 0 -172 -26 -10 -1 0 0 0 1 0 0 0 -1 4070.DAT
1 0 -152 -26 -10 -1 0 0 0 1 0 0 0 -1 4070.DAT
1 0 -152 -16 20 1 0 0 0 0 1 0 -1 0 3005.DAT
1 0 -202 -6 20 -1 0 0 0 0 -1 0 -1 0 3831.DAT
1 0 -202 -7 4 0 0 1 0 1 0 -1 0 0 AZRstiffhose.ldr
1 7 -192 -16 -6 0 0 1 0 1 0 -1 0 0 4274.DAT
1 4 -162 -34 10 0 0 1 0 1 0 -1 0 0 3021.DAT
1 14 -172 -42 -10 1 0 0 0 1 0 0 0 1 4081B.DAT
1 14 -172 -42 20 0 0 1 0 1 0 -1 0 0 3023.DAT
1 14 -152 -42 10 0 0 1 0 1 0 -1 0 0 3623.DAT
1 0 -184 -40 -30 0 1 0 -1 0 0 0 0 1 4592.DAT
1 0 -146 -40 -30 0 0 1 0 1 0 -1 0 0 4349.DAT
1 0 -142 -50 10 1 0 0 0 1 0 0 0 1 3710.DAT
1 0 -162 -74 -10 1 0 0 0 1 0 0 0 1 2432.DAT
1 0 -162 -74 30 -1 0 0 0 1 0 0 0 -1 2432.DAT
1 0 -132 -58 10 1 0 0 0 1 0 0 0 1 4073.DAT
1 0 -132 -66 10 1 0 0 0 1 0 0 0 1 4073.DAT
1 0 -182 -74 10 -1 0 0 0 1 0 0 0 -1 2743.DAT
1 0 -132 -82 10 0 0 -1 0 1 0 1 0 0 6091.DAT
1 0 -142 -82 10 1 0 0 0 1 0 0 0 1 2412A.DAT
1 42 -172 -82 10 1 0 0 0 1 0 0 0 1 4073.DAT
1 42 -152 -16 50 -0.984808 0.173648 0 0.173648 0.984808 0 0 0 -1 AZRecmtube.ldr
1 42 -172 -16 50 -0.984808 0.173648 0 0.173648 0.984808 0 0 0 -1 AZRecmtube.ldr
1 0 -192 -16 -24 1 0 0 0 0 -1 0 1 0 752.DAT
1 0 -192 -16 38 1 0 0 0 0 1 0 -1 0 752.DAT
1 0 -192 -16 -24 1 0 0 0 0 1 0 -1 0 755.DAT
1 0 -192 -16 38 1 0 0 0 0 -1 0 1 0 755.DAT
1 0 -160 56 -20 0 1 0 -1 0 0 0 0 1 752.DAT
1 0 -160 56 40 0 1 0 -1 0 0 0 0 1 752.DAT
1 0 -160 56 -20 0 -1 0 1 0 0 0 0 1 755.DAT
1 0 -160 56 40 0 -1 0 1 0 0 0 0 1 755.DAT
0 Hose
1 0 -192 -16 -24 0.996 0.09 -0.002 0 -0.018 -1 -0.09 0.996 -0.018 754.DAT
1 0 -192.223 -15.954 -26.48 0.995 0.103 -0.006 0 -0.059 -0.998 -0.103 0.993 -0.058 754.DAT
1 0 -192.484 -15.805 -29.001 0.993 0.118 -0.012 0 -0.105 -0.994 -0.118 0.987 -0.104 754.DAT
1 0 -192.787 -15.534 -31.545 0.991 0.134 -0.022 0 -0.159 -0.987 -0.136 0.978 -0.157 754.DAT
1 0 -193.136 -15.121 -34.089 0.988 0.152 -0.034 0 -0.221 -0.975 -0.155 0.963 -0.219 754.DAT
1 0 -193.532 -14.543 -36.606 0.984 0.17 -0.052 0 -0.292 -0.957 -0.178 0.941 -0.287 754.DAT
1 0 -193.976 -13.782 -39.063 0.979 0.189 -0.076 0 -0.371 -0.929 -0.203 0.909 -0.364 754.DAT
1 0 -194.466 -12.819 -41.421 0.973 0.207 -0.107 0 -0.459 -0.888 -0.233 0.864 -0.446 754.DAT
1 0 -194.997 -11.641 -43.639 0.964 0.223 -0.147 0 -0.551 -0.834 -0.267 0.804 -0.531 754.DAT
1 0 -195.562 -10.243 -45.678 0.952 0.234 -0.198 0 -0.645 -0.764 -0.307 0.727 -0.614 754.DAT
1 0 -196.149 -8.628 -47.5 0.935 0.241 -0.26 0 -0.733 -0.68 -0.354 0.636 -0.686 754.DAT
1 0 -196.746 -6.809 -49.077 0.912 0.24 -0.334 0 -0.812 -0.584 -0.411 0.532 -0.74 754.DAT
1 0 -197.338 -4.807 -50.39 0.877 0.232 -0.421 0 -0.876 -0.483 -0.48 0.424 -0.768 754.DAT
1 0 -197.91 -2.649 -51.434 0.823 0.217 -0.525 0 -0.924 -0.382 -0.569 0.314 -0.76 754.DAT
1 0 -198.447 -0.365 -52.211 0.728 0.198 -0.656 0 -0.958 -0.288 -0.685 0.21 -0.697 754.DAT
1 0 -198.938 2.014 -52.733 0.551 0.174 -0.816 0 -0.978 -0.208 -0.835 0.115 -0.539 754.DAT
1 0 -199.373 4.459 -53.02 0.185 0.148 -0.972 0 -0.989 -0.151 -0.983 0.028 -0.183 754.DAT
1 0 -199.745 6.945 -53.09 -0.376 0.119 -0.919 0 -0.992 -0.129 -0.927 -0.048 0.373 754.DAT
1 0 -200.046 9.451 -52.968 -0.792 0.09 -0.605 0 -0.989 -0.147 -0.611 -0.116 0.783 754.DAT
1 0 -200.273 11.959 -52.674 -0.948 0.059 -0.312 0 -0.983 -0.185 -0.318 -0.175 0.932 754.DAT
1 0 -200.422 14.456 -52.229 -0.993 0.028 -0.117 0 -0.973 -0.229 -0.12 -0.228 0.966 754.DAT
1 0 -200.492 16.929 -51.651 -1 -0.006 0.019 0 -0.962 -0.273 0.02 -0.273 0.962 754.DAT
1 0 -200.478 19.372 -50.957 -0.993 -0.038 0.115 0 -0.949 -0.317 0.121 -0.314 0.942 754.DAT
1 0 -200.381 21.777 -50.16 -0.979 -0.073 0.19 0 -0.934 -0.358 0.203 -0.351 0.914 754.DAT
1 0 -200.197 24.138 -49.273 -0.963 -0.108 0.249 0 -0.917 -0.398 0.271 -0.383 0.883 754.DAT
1 0 -199.925 26.453 -48.307 -0.944 -0.144 0.298 0 -0.9 -0.436 0.331 -0.412 0.849 754.DAT
1 0 -199.562 28.716 -47.272 -0.923 -0.182 0.339 0 -0.881 -0.474 0.385 -0.437 0.813 754.DAT
1 0 -199.105 30.924 -46.176 -0.901 -0.222 0.373 0 -0.86 -0.511 0.434 -0.46 0.775 754.DAT
1 0 -198.551 33.074 -45.025 -0.878 -0.262 0.401 0 -0.837 -0.547 0.479 -0.48 0.735 754.DAT
1 0 -197.898 35.163 -43.828 -0.853 -0.304 0.424 0 -0.813 -0.583 0.522 -0.497 0.693 754.DAT
1 0 -197.141 37.186 -42.591 -0.827 -0.348 0.441 0 -0.786 -0.619 0.562 -0.512 0.65 754.DAT
1 0 -196.277 39.139 -41.319 -0.8 -0.393 0.454 0 -0.756 -0.654 0.6 -0.523 0.605 754.DAT
1 0 -195.302 41.017 -40.019 -0.772 -0.439 0.461 0 -0.724 -0.69 0.636 -0.532 0.559 754.DAT
1 0 -194.212 42.815 -38.697 -0.742 -0.486 0.461 0 -0.688 -0.725 0.67 -0.538 0.511 754.DAT
1 0 -193.003 44.526 -37.359 -0.711 -0.534 0.457 0 -0.65 -0.76 0.703 -0.54 0.462 754.DAT
1 0 -191.672 46.145 -36.013 -0.68 -0.582 0.446 0 -0.608 -0.794 0.734 -0.54 0.413 754.DAT
1 0 -190.218 47.663 -34.666 -0.647 -0.63 0.429 0 -0.563 -0.826 0.762 -0.535 0.364 754.DAT
1 0 -188.639 49.074 -33.326 -0.614 -0.676 0.407 0 -0.515 -0.857 0.789 -0.526 0.316 754.DAT
1 0 -186.936 50.371 -32.001 -0.58 -0.721 0.378 0 -0.464 -0.886 0.814 -0.514 0.27 754.DAT
1 0 -185.111 51.546 -30.7 -0.547 -0.763 0.344 0 -0.412 -0.911 0.837 -0.499 0.225 754.DAT
1 0 -183.171 52.593 -29.431 -0.514 -0.801 0.307 0 -0.358 -0.934 0.858 -0.48 0.184 754.DAT
1 0 -181.121 53.508 -28.204 -0.481 -0.836 0.266 0 -0.303 -0.953 0.877 -0.458 0.146 754.DAT
1 0 -178.973 54.288 -27.027 -0.448 -0.866 0.223 0 -0.25 -0.968 0.894 -0.434 0.112 754.DAT
1 0 -176.739 54.932 -25.906 -0.417 -0.891 0.179 0 -0.196 -0.981 0.909 -0.409 0.082 754.DAT
1 0 -174.433 55.44 -24.849 -0.386 -0.912 0.135 0 -0.146 -0.989 0.922 -0.382 0.056 754.DAT
1 0 -172.072 55.818 -23.86 -0.357 -0.93 0.091 0 -0.098 -0.995 0.934 -0.355 0.035 754.DAT
1 0 -169.671 56.07 -22.943 -0.329 -0.943 0.049 0 -0.052 -0.999 0.944 -0.328 0.017 754.DAT
1 0 -167.248 56.204 -22.099 -0.303 -0.953 0.01 0 -0.01 -1 0.953 -0.303 0.003 754.DAT
1 0 -164.819 56.23 -21.328 -0.277 -0.96 -0.027 0 0.028 -1 0.961 -0.277 -0.008 754.DAT
1 0 -162.398 56.159 -20.629 -0.254 -0.965 -0.062 0 0.064 -0.998 0.967 -0.253 -0.016 756.DAT
0 Hose
1 0 -192 -16 38 -0.996 0.089 -0.002 0 -0.018 -1 -0.089 -0.996 0.018 754.DAT
1 0 -192.221 -15.955 40.471 -0.995 0.102 -0.006 0 -0.058 -0.998 -0.103 -0.993 0.058 754.DAT
1 0 -192.48 -15.808 42.981 -0.993 0.117 -0.012 0 -0.103 -0.995 -0.117 -0.988 0.103 754.DAT
1 0 -192.779 -15.543 45.513 -0.991 0.132 -0.021 0 -0.155 -0.988 -0.133 -0.979 0.154 754.DAT
1 0 -193.12 -15.142 48.047 -0.988 0.148 -0.032 0 -0.214 -0.977 -0.151 -0.966 0.212 754.DAT
1 0 -193.505 -14.585 50.559 -0.985 0.165 -0.048 0 -0.28 -0.96 -0.172 -0.946 0.276 754.DAT
1 0 -193.935 -13.856 53.02 -0.981 0.182 -0.069 0 -0.354 -0.935 -0.195 -0.917 0.347 754.DAT
1 0 -194.407 -12.94 55.397 -0.975 0.199 -0.096 0 -0.434 -0.901 -0.221 -0.879 0.423 754.DAT
1 0 -194.918 -11.825 57.655 -0.968 0.213 -0.129 0 -0.518 -0.855 -0.249 -0.828 0.502 754.DAT
1 0 -195.46 -10.506 59.762 -0.96 0.224 -0.17 0 -0.605 -0.797 -0.282 -0.764 0.58 754.DAT
1 0 -196.024 -8.986 61.684 -0.948 0.231 -0.219 0 -0.688 -0.726 -0.319 -0.688 0.652 754.DAT
1 0 -196.6 -7.273 63.397 -0.933 0.232 -0.276 0 -0.765 -0.644 -0.361 -0.601 0.713 754.DAT
1 0 -197.174 -5.383 64.882 -0.912 0.228 -0.34 0 -0.831 -0.556 -0.409 -0.507 0.758 754.DAT
1 0 -197.734 -3.338 66.13 -0.884 0.217 -0.414 0 -0.886 -0.464 -0.467 -0.41 0.783 754.DAT
1 0 -198.267 -1.162 67.138 -0.843 0.201 -0.499 0 -0.928 -0.374 -0.538 -0.315 0.782 754.DAT
1 0 -198.762 1.12 67.913 -0.778 0.181 -0.602 0 -0.958 -0.288 -0.628 -0.224 0.745 754.DAT
1 0 -199.208 3.483 68.465 -0.663 0.157 -0.732 0 -0.978 -0.21 -0.749 -0.139 0.648 754.DAT
1 0 -199.598 5.904 68.81 -0.425 0.131 -0.896 0 -0.989 -0.145 -0.905 -0.062 0.42 754.DAT
1 0 -199.924 8.362 68.963 0.081 0.103 -0.991 0 -0.995 -0.103 -0.997 0.008 -0.081 754.DAT
1 0 -200.181 10.841 68.942 0.699 0.073 -0.711 0 -0.995 -0.103 -0.715 0.072 -0.696 754.DAT
1 0 -200.364 13.324 68.763 0.949 0.042 -0.312 0 -0.991 -0.135 -0.314 0.128 -0.941 754.DAT
1 0 -200.47 15.801 68.443 0.998 0.01 -0.055 0 -0.984 -0.179 -0.056 0.178 -0.982 754.DAT
1 0 -200.495 18.261 67.997 0.994 -0.024 0.104 0 -0.974 -0.226 0.106 0.224 -0.969 754.DAT
1 0 -200.435 20.697 67.436 0.977 -0.058 0.207 0 -0.962 -0.272 0.215 0.265 -0.94 754.DAT
1 0 -200.289 23.1 66.774 0.954 -0.095 0.284 0 -0.949 -0.316 0.299 0.302 -0.905 754.DAT
1 0 -200.053 25.466 66.021 0.93 -0.133 0.343 0 -0.933 -0.361 0.368 0.335 -0.867 754.DAT
1 0 -199.723 27.788 65.186 0.905 -0.172 0.389 0 -0.915 -0.404 0.425 0.366 -0.828 754.DAT
1 0 -199.296 30.062 64.277 0.88 -0.212 0.426 0 -0.895 -0.446 0.476 0.393 -0.787 754.DAT
1 0 -198.769 32.282 63.303 0.853 -0.255 0.456 0 -0.873 -0.488 0.522 0.417 -0.744 754.DAT
1 0 -198.137 34.444 62.271 0.826 -0.299 0.478 0 -0.848 -0.53 0.564 0.438 -0.7 754.DAT
1 0 -197.396 36.543 61.187 0.798 -0.345 0.495 0 -0.82 -0.572 0.603 0.456 -0.654 754.DAT
1 0 -196.543 38.572 60.059 0.769 -0.392 0.505 0 -0.79 -0.614 0.639 0.472 -0.607 754.DAT
1 0 -195.573 40.525 58.892 0.739 -0.441 0.509 0 -0.756 -0.655 0.674 0.484 -0.559 754.DAT
1 0 -194.481 42.396 57.694 0.709 -0.491 0.507 0 -0.719 -0.696 0.705 0.493 -0.509 754.DAT
1 0 -193.265 44.177 56.472 0.678 -0.541 0.498 0 -0.677 -0.736 0.735 0.499 -0.459 754.DAT
1 0 -191.922 45.86 55.233 0.646 -0.591 0.483 0 -0.633 -0.774 0.763 0.501 -0.409 754.DAT
1 0 -190.449 47.437 53.985 0.615 -0.64 0.461 0 -0.585 -0.811 0.789 0.499 -0.359 754.DAT
1 0 -188.847 48.9 52.737 0.583 -0.687 0.434 0 -0.533 -0.846 0.813 0.493 -0.311 754.DAT
1 0 -187.118 50.242 51.497 0.551 -0.733 0.4 0 -0.479 -0.878 0.835 0.483 -0.264 754.DAT
1 0 -185.265 51.454 50.274 0.519 -0.774 0.362 0 -0.424 -0.906 0.855 0.47 -0.22 754.DAT
1 0 -183.295 52.532 49.077 0.488 -0.812 0.32 0 -0.366 -0.93 0.873 0.454 -0.179 754.DAT
1 0 -181.216 53.47 47.915 0.457 -0.846 0.275 0 -0.31 -0.951 0.889 0.435 -0.141 754.DAT
1 0 -179.041 54.266 46.797 0.427 -0.875 0.229 0 -0.254 -0.967 0.904 0.413 -0.108 754.DAT
1 0 -176.782 54.921 45.729 0.399 -0.899 0.183 0 -0.199 -0.98 0.917 0.391 -0.079 754.DAT
1 0 -174.456 55.436 44.718 0.371 -0.918 0.137 0 -0.147 -0.989 0.929 0.367 -0.055 754.DAT
1 0 -172.079 55.817 43.768 0.345 -0.934 0.092 0 -0.098 -0.995 0.939 0.343 -0.034 754.DAT
1 0 -169.668 56.07 42.883 0.32 -0.946 0.049 0 -0.052 -0.999 0.948 0.319 -0.017 754.DAT
1 0 -167.24 56.204 42.064 0.296 -0.955 0.01 0 -0.01 -1 0.955 0.296 -0.003 754.DAT
1 0 -164.81 56.23 41.312 0.274 -0.961 -0.028 0 0.029 -1 0.962 0.274 0.008 754.DAT
1 0 -162.392 56.158 40.624 0.252 -0.966 -0.062 0 0.064 -0.998 0.968 0.252 0.016 756.DAT
1 42 -202 -6 20 0.788011 0.615661 0 -0.615661 0.788011 0 0 0 1 AZRthighL.ldr
0
0 FILE AZRshinR.ldr
0 ROTATION CENTER 0 0 0 1 "Custom" 
0 ROTATION CONFIG 0 0
1 0 0 0 0 0 0 1 0.920505 -0.390731 0 0.390731 0.920505 0 6217.DAT
1 0 -12 -10 -10 0 0 1 0 1 0 -1 0 0 32000.DAT
1 0 8 -10 -20 1 0 0 0 1 0 0 0 1 2921.DAT
1 0 -12 14 -20 0 0 -1 0 1 0 1 0 0 3665.DAT
1 0 -32 14 0 0 0 1 0 1 0 -1 0 0 2420.DAT
1 0 -12 22 0 1 0 0 0 1 0 0 0 1 3005.DAT
1 42 -12 38 -20 1 0 0 0 1 0 0 0 1 4073.DAT
1 0 -162 22 -20 0 0 -1 0 1 0 1 0 0 30359A.DAT
1 0 -162 22 0 0 0 -1 0 1 0 1 0 0 30359A.DAT
1 0 -22 30 -10 1 0 0 0 1 0 0 0 1 4871.DAT
1 0 -22 6 -40 -1 0 0 0 1 0 0 0 -1 4865.DAT
1 0 -22 6 20 1 0 0 0 1 0 0 0 1 4865.DAT
1 0 -22 0 -20 0 -1 0 1 0 0 0 0 1 3024.DAT
1 0 -22 0 0 0 -1 0 1 0 0 0 0 1 3070A.DAT
1 4 -22 -30 -10 0 -1 0 1 0 0 0 0 1 3068B.DAT
1 4 -62 -34 -10 0 0 -1 0 1 0 1 0 0 2397.DAT
1 4 -12 -42 -20 1 0 0 0 1 0 0 0 1 4070.DAT
1 4 -12 -42 0 -1 0 0 0 1 0 0 0 -1 4070.DAT
1 4 -12 -32 -34 1 0 0 0 0 -1 0 1 0 4073.DAT
1 4 -12 -32 14 1 0 0 0 0 1 0 -1 0 4073.DAT
1 4 8 -50 -10 0 0 -1 0 1 0 1 0 0 2432.DAT
1 4 -12 -50 -10 0 0 1 0 1 0 -1 0 0 2412A.DAT
1 14 -30 -40 -10 0 -1 0 0 0 -1 1 0 0 3938.DAT
1 14 -30 -10 -10 0 -1 0 1 0 0 0 0 1 3941.DAT
1 0 -54 -10 -10 0 -1 0 1 0 0 0 0 1 3940.DAT
1 0 -152 46 -20 0 0 1 0 1 0 -1 0 0 2449.DAT
1 0 -152 46 0 0 0 1 0 1 0 -1 0 0 2449.DAT
1 14 -142 86 -10 0 1 0 -1 0 0 0 0 1 3022.DAT
1 14 -142 56 -10 0 1 0 0 0 -1 -1 0 0 3710.DAT
1 14 -142 116 -10 0 1 0 0 0 -1 -1 0 0 3069B.DAT
1 4 -152 118 0 1 0 0 0 1 0 0 0 1 4073.DAT
1 4 -152 118 -20 1 0 0 0 1 0 0 0 1 4073.DAT
1 0 -134 66 -10 0 1 0 -1 0 0 0 0 1 3022.DAT
1 0 -126 56 -10 0 1 0 0 0 -1 -1 0 0 3023.DAT
1 0 -134 56 -10 0 1 0 0 0 -1 -1 0 0 4855.DAT
1 14 -110 56 -10 0 1 0 0 0 -1 -1 0 0 3938.DAT
1 14 -106 48 -10 0.788011 0.615661 0 -0.615661 0.788011 0 0 0 1 AZRlegthrustjoint.ldr
1 0 -152 14 -10 0 0 1 0 1 0 -1 0 0 3794.DAT
1 0 -172 14 -10 0 0 1 0 1 0 -1 0 0 3794.DAT
1 0 -142 6 -10 1 0 0 0 1 0 0 0 1 3710.DAT
1 0 -122 -2 -10 1 0 0 0 1 0 0 0 1 3023.DAT
1 0 -122 -26 -10 1 0 0 0 1 0 0 0 1 32000.DAT
1 14 -122 -16 -20 1 0 0 0 0 1 0 -1 0 3023.DAT
1 14 -122 -16 0 1 0 0 0 0 -1 0 1 0 3023.DAT
1 14 -122 4 -20 1 0 0 0 0 1 0 -1 0 3069B.DAT
1 14 -122 4 0 1 0 0 0 0 -1 0 1 0 3069B.DAT
1 0 -122 -6 -28 1 0 0 0 0 1 0 -1 0 4032.DAT
1 0 -122 -6 8 1 0 0 0 0 -1 0 1 0 4032.DAT
1 0 -122 -6 -36 1 0 0 0 0 1 0 -1 0 2654.DAT
1 0 -122 -6 16 1 0 0 0 0 -1 0 1 0 2654.DAT
1 4 -132 -34 -10 0 0 1 0 1 0 -1 0 0 3023.DAT
1 14 -112 -42 -10 0 0 1 0 1 0 -1 0 0 3794.DAT
1 14 -132 -42 -10 0 0 1 0 1 0 -1 0 0 3794.DAT
1 0 -162 6 -30 1 0 0 0 1 0 0 0 1 3023.DAT
1 0 -162 6 10 -1 0 0 0 1 0 0 0 -1 2540.DAT
1 0 -162 -2 -10 0 0 1 0 1 0 -1 0 0 3021.DAT
1 0 -152 -26 10 1 0 0 0 1 0 0 0 1 4070.DAT
1 0 -172 -26 10 1 0 0 0 1 0 0 0 1 4070.DAT
1 0 -172 -26 -30 1 0 0 0 1 0 0 0 1 4070.DAT
1 0 -152 -26 -30 1 0 0 0 1 0 0 0 1 4070.DAT
1 0 -152 -16 -20 1 0 0 0 0 -1 0 1 0 3005.DAT
1 0 -202 -6 -20 1 0 0 0 0 -1 0 1 0 3830.DAT
1 0 -202 -7 -4 0 0 1 0 1 0 -1 0 0 AZRstiffhose.ldr
1 7 -192 -16 6 0 0 -1 0 1 0 1 0 0 4274.DAT
1 4 -162 -34 -10 0 0 1 0 1 0 -1 0 0 3021.DAT
1 14 -172 -42 10 -1 0 0 0 1 0 0 0 -1 4081B.DAT
1 14 -172 -42 -20 0 0 1 0 1 0 -1 0 0 3023.DAT
1 14 -152 -42 -10 0 0 1 0 1 0 -1 0 0 3623.DAT
1 0 -184 -40 30 0 1 0 -1 0 0 0 0 1 4592.DAT
1 0 -146 -40 30 0 0 1 0 1 0 -1 0 0 4349.DAT
1 0 -142 -50 -10 1 0 0 0 1 0 0 0 1 3710.DAT
1 0 -162 -74 -30 1 0 0 0 1 0 0 0 1 2432.DAT
1 0 -162 -74 10 -1 0 0 0 1 0 0 0 -1 2432.DAT
1 0 -132 -58 -10 1 0 0 0 1 0 0 0 1 4073.DAT
1 0 -132 -66 -10 1 0 0 0 1 0 0 0 1 4073.DAT
1 0 -182 -74 -10 -1 0 0 0 1 0 0 0 -1 2743.DAT
1 0 -132 -82 -10 0 0 -1 0 1 0 1 0 0 6091.DAT
1 0 -142 -82 -10 1 0 0 0 1 0 0 0 1 2412A.DAT
1 42 -172 -82 -10 1 0 0 0 1 0 0 0 1 4073.DAT
1 42 -152 -16 -50 0.984808 0.173648 0 -0.173648 0.984808 0 0 0 1 AZRecmtube.ldr
1 42 -172 -16 -50 0.984808 0.173648 0 -0.173648 0.984808 0 0 0 1 AZRecmtube.ldr
1 0 -192 -16 -38 1 0 0 0 0 -1 0 1 0 752.DAT
1 0 -192 -16 24 1 0 0 0 0 1 0 -1 0 752.DAT
1 0 -192 -16 -38 1 0 0 0 0 1 0 -1 0 755.DAT
1 0 -192 -16 24 1 0 0 0 0 -1 0 1 0 755.DAT
1 0 -160 56 -40 0 1 0 -1 0 0 0 0 1 752.DAT
1 0 -160 56 20 0 1 0 -1 0 0 0 0 1 752.DAT
1 0 -160 56 -40 0 -1 0 1 0 0 0 0 1 755.DAT
1 0 -160 56 20 0 -1 0 1 0 0 0 0 1 755.DAT
0 Hose
1 0 -192 -16 -38 0.996 0.089 -0.002 0 -0.018 -1 -0.089 0.996 -0.018 754.DAT
1 0 -192.221 -15.955 -40.471 0.995 0.102 -0.006 0 -0.058 -0.998 -0.103 0.993 -0.058 754.DAT
1 0 -192.48 -15.808 -42.981 0.993 0.117 -0.012 0 -0.103 -0.995 -0.117 0.988 -0.103 754.DAT
1 0 -192.779 -15.543 -45.513 0.991 0.132 -0.021 0 -0.155 -0.988 -0.133 0.979 -0.154 754.DAT
1 0 -193.12 -15.142 -48.047 0.988 0.148 -0.032 0 -0.214 -0.977 -0.151 0.966 -0.212 754.DAT
1 0 -193.505 -14.585 -50.559 0.985 0.165 -0.048 0 -0.28 -0.96 -0.172 0.946 -0.276 754.DAT
1 0 -193.935 -13.856 -53.02 0.981 0.182 -0.069 0 -0.354 -0.935 -0.195 0.917 -0.347 754.DAT
1 0 -194.407 -12.94 -55.397 0.975 0.199 -0.096 0 -0.434 -0.901 -0.221 0.879 -0.423 754.DAT
1 0 -194.918 -11.825 -57.655 0.968 0.213 -0.129 0 -0.518 -0.855 -0.249 0.828 -0.502 754.DAT
1 0 -195.46 -10.506 -59.762 0.96 0.224 -0.17 0 -0.605 -0.797 -0.282 0.764 -0.58 754.DAT
1 0 -196.024 -8.986 -61.684 0.948 0.231 -0.219 0 -0.688 -0.726 -0.319 0.688 -0.652 754.DAT
1 0 -196.6 -7.273 -63.397 0.933 0.232 -0.276 0 -0.765 -0.644 -0.361 0.601 -0.713 754.DAT
1 0 -197.174 -5.383 -64.882 0.912 0.228 -0.34 0 -0.831 -0.556 -0.409 0.507 -0.758 754.DAT
1 0 -197.734 -3.338 -66.13 0.884 0.217 -0.414 0 -0.886 -0.464 -0.467 0.41 -0.783 754.DAT
1 0 -198.267 -1.162 -67.138 0.843 0.201 -0.499 0 -0.928 -0.374 -0.538 0.315 -0.782 754.DAT
1 0 -198.762 1.12 -67.913 0.778 0.181 -0.602 0 -0.958 -0.288 -0.628 0.224 -0.745 754.DAT
1 0 -199.208 3.483 -68.465 0.663 0.157 -0.732 0 -0.978 -0.21 -0.749 0.139 -0.648 754.DAT
1 0 -199.598 5.904 -68.81 0.425 0.131 -0.896 0 -0.989 -0.145 -0.905 0.062 -0.42 754.DAT
1 0 -199.924 8.362 -68.963 -0.081 0.103 -0.991 0 -0.995 -0.103 -0.997 -0.008 0.081 754.DAT
1 0 -200.181 10.841 -68.942 -0.699 0.073 -0.711 0 -0.995 -0.103 -0.715 -0.072 0.696 754.DAT
1 0 -200.364 13.324 -68.763 -0.949 0.042 -0.312 0 -0.991 -0.135 -0.314 -0.128 0.941 754.DAT
1 0 -200.47 15.801 -68.443 -0.998 0.01 -0.055 0 -0.984 -0.179 -0.056 -0.178 0.982 754.DAT
1 0 -200.495 18.261 -67.997 -0.994 -0.024 0.104 0 -0.974 -0.226 0.106 -0.224 0.969 754.DAT
1 0 -200.435 20.697 -67.436 -0.977 -0.058 0.207 0 -0.962 -0.272 0.215 -0.265 0.94 754.DAT
1 0 -200.289 23.1 -66.774 -0.954 -0.095 0.284 0 -0.949 -0.316 0.299 -0.302 0.905 754.DAT
1 0 -200.053 25.466 -66.021 -0.93 -0.133 0.343 0 -0.933 -0.361 0.368 -0.335 0.867 754.DAT
1 0 -199.723 27.788 -65.186 -0.905 -0.172 0.389 0 -0.915 -0.404 0.425 -0.366 0.828 754.DAT
1 0 -199.296 30.062 -64.277 -0.88 -0.212 0.426 0 -0.895 -0.446 0.476 -0.393 0.787 754.DAT
1 0 -198.769 32.282 -63.303 -0.853 -0.255 0.456 0 -0.873 -0.488 0.522 -0.417 0.744 754.DAT
1 0 -198.137 34.444 -62.271 -0.826 -0.299 0.478 0 -0.848 -0.53 0.564 -0.438 0.7 754.DAT
1 0 -197.396 36.543 -61.187 -0.798 -0.345 0.495 0 -0.82 -0.572 0.603 -0.456 0.654 754.DAT
1 0 -196.543 38.572 -60.059 -0.769 -0.392 0.505 0 -0.79 -0.614 0.639 -0.472 0.607 754.DAT
1 0 -195.573 40.525 -58.892 -0.739 -0.441 0.509 0 -0.756 -0.655 0.674 -0.484 0.559 754.DAT
1 0 -194.481 42.396 -57.694 -0.709 -0.491 0.507 0 -0.719 -0.696 0.705 -0.493 0.509 754.DAT
1 0 -193.265 44.177 -56.472 -0.678 -0.541 0.498 0 -0.677 -0.736 0.735 -0.499 0.459 754.DAT
1 0 -191.922 45.86 -55.233 -0.646 -0.591 0.483 0 -0.633 -0.774 0.763 -0.501 0.409 754.DAT
1 0 -190.449 47.437 -53.985 -0.615 -0.64 0.461 0 -0.585 -0.811 0.789 -0.499 0.359 754.DAT
1 0 -188.847 48.9 -52.737 -0.583 -0.687 0.434 0 -0.533 -0.846 0.813 -0.493 0.311 754.DAT
1 0 -187.118 50.242 -51.497 -0.551 -0.733 0.4 0 -0.479 -0.878 0.835 -0.483 0.264 754.DAT
1 0 -185.265 51.454 -50.274 -0.519 -0.774 0.362 0 -0.424 -0.906 0.855 -0.47 0.22 754.DAT
1 0 -183.295 52.532 -49.077 -0.488 -0.812 0.32 0 -0.366 -0.93 0.873 -0.454 0.179 754.DAT
1 0 -181.216 53.47 -47.915 -0.457 -0.846 0.275 0 -0.31 -0.951 0.889 -0.435 0.141 754.DAT
1 0 -179.041 54.266 -46.797 -0.427 -0.875 0.229 0 -0.254 -0.967 0.904 -0.413 0.108 754.DAT
1 0 -176.782 54.921 -45.729 -0.399 -0.899 0.183 0 -0.199 -0.98 0.917 -0.391 0.079 754.DAT
1 0 -174.456 55.436 -44.718 -0.371 -0.918 0.137 0 -0.147 -0.989 0.929 -0.367 0.055 754.DAT
1 0 -172.079 55.817 -43.768 -0.345 -0.934 0.092 0 -0.098 -0.995 0.939 -0.343 0.034 754.DAT
1 0 -169.668 56.07 -42.883 -0.32 -0.946 0.049 0 -0.052 -0.999 0.948 -0.319 0.017 754.DAT
1 0 -167.24 56.204 -42.064 -0.296 -0.955 0.01 0 -0.01 -1 0.955 -0.296 0.003 754.DAT
1 0 -164.81 56.23 -41.312 -0.274 -0.961 -0.028 0 0.029 -1 0.962 -0.274 -0.008 754.DAT
1 0 -162.392 56.158 -40.624 -0.252 -0.966 -0.062 0 0.064 -0.998 0.968 -0.252 -0.016 756.DAT
0 Hose
1 0 -192 -16 24 -0.996 0.09 -0.002 0 -0.018 -1 -0.09 -0.996 0.018 754.DAT
1 0 -192.223 -15.954 26.48 -0.995 0.103 -0.006 0 -0.059 -0.998 -0.103 -0.993 0.058 754.DAT
1 0 -192.484 -15.805 29.001 -0.993 0.118 -0.012 0 -0.105 -0.994 -0.118 -0.987 0.104 754.DAT
1 0 -192.787 -15.534 31.545 -0.991 0.134 -0.022 0 -0.159 -0.987 -0.136 -0.978 0.157 754.DAT
1 0 -193.136 -15.121 34.089 -0.988 0.152 -0.034 0 -0.221 -0.975 -0.155 -0.963 0.219 754.DAT
