0 FILE CHIEFTAIN.ldr
0 WRITE C-55 "Chieftain" Mecha
0 WRITE Name: Chieftain.mpd
0 WRITE Author: Mladen Pejic
0 WRITE Website: http://www3.sympatico.ca/mladenpejic/
0 WRITE E-Mail: mladenpejic@sympatico.ca
0 ROTATION CENTER 0 0 0 1 "Custom" 
0 ROTATION CONFIG 0 0
1 0 0 0 0 1 0 0 0 1 0 0 0 1 axis20x.dat
1 7 0 -136 0 0 1 0 -1 0 0 0 0 1 6541.DAT
1 2 24 -146 0 0 1 0 -1 0 0 0 0 1 3710.DAT
1 7 16 -116 0 0 1 0 0 0 -1 -1 0 0 2555.DAT
1 7 16 -166 0 0 1 0 -1 0 0 0 0 1 3794.DAT
1 7 0 -176 0 0 1 0 0 0 1 1 0 0 4595.DAT
1 2 32 -126 0 0 1 0 -1 0 0 0 0 1 3023.DAT
1 2 40 -116 0 0 1 0 0 0 -1 -1 0 0 3794.DAT
1 2 40 -136 0 0 1 0 0 0 -1 -1 0 0 3794.DAT
1 2 40 -156 0 0 1 0 0 0 -1 -1 0 0 3023.DAT
1 2 48 -156 0 0 1 0 0 0 -1 -1 0 0 3747.DAT
1 7 74 -156 -10 1 0 0 0 1 0 0 0 1 4274.DAT
1 7 74 -156 10 1 0 0 0 1 0 0 0 1 4274.DAT
1 2 32 -176 0 0 1 0 0 0 1 1 0 0 4070.DAT
1 7 42 -196 0 0 0 1 0 1 0 -1 0 0 4349.DAT
1 2 90 -156 -10 0 -1 0 0 0 1 -1 0 0 6091.DAT
1 2 90 -156 10 0 -1 0 0 0 1 -1 0 0 6091.DAT
1 7 90 -156 0 0 -1 0 0 0 -1 1 0 0 3069BP25.DAT
1 7 10 -176 -18 0 0 -1 -1 0 0 0 1 0 2540.DAT
1 7 10 -176 18 0 0 -1 1 0 0 0 -1 0 2540.DAT
1 8 10 -176 -26 0 0 -1 -1 0 0 0 1 0 30383.DAT
1 8 10 -176 26 0 0 1 -1 0 0 0 -1 0 30383.DAT
1 2 -8 -156 0 0 1 0 -1 0 0 0 0 1 3710.DAT
1 2 -16 -176 0 0 1 0 -1 0 0 0 0 1 3023.DAT
1 7 -32 -176 0 0 1 0 0 0 -1 -1 0 0 4595.DAT
1 7 -22 -140 0 1 0 0 0 1 0 0 0 1 3062B.DAT
1 7 -22 -116 0 1 0 0 0 1 0 0 0 1 4073.DAT
1 8 -40 -166 0 0 1 0 -1 0 0 0 0 1 2431.DAT
1 8 -22 -204 0 1 0 0 0 1 0 0 0 1 2555.DAT
1 8 -22 -210 0 0 -0.707107 0.707107 0 0.707107 0.707107 -1 0 0 30031.DAT
1 7 -22 -176 -18 0 0 1 1 0 0 0 1 0 3794.DAT
1 7 -22 -176 18 0 0 1 -1 0 0 0 -1 0 3794.DAT
1 7 -22 -176 -26 0.819152 -0.573576 0 0.573576 0.819152 0 0 0 1 CHTNheatsR.ldr
1 7 -22 -176 26 0.819152 -0.573576 0 0.573576 0.819152 0 0 0 1 CHTNheatsL.ldr
1 7 10 -136 -18 0.999848 -0.0174524 0 0.0174524 0.999848 0 0 0 1 CHTNlegR.ldr
1 7 10 -136 18 0.999848 -0.0174524 0 0.0174524 0.999848 0 0 0 1 CHTNlegL.ldr
1 7 10 -193.5 -53.5 1 0 0 0 0.92388 0.382683 0 -0.382683 0.92388 CHTNarmR.ldr
1 7 10 -193.5 53.5 1 0 0 0 0.92388 -0.382683 0 0.382683 0.92388 CHTNarmL.ldr
1 7 19.5 -212 2.5 0.965926 0 -0.258819 0 1 0 0.258819 0 0.965926 CHTNhead.ldr
0
0 FILE CHTNarmL.ldr
0 WRITE Next Piece Should Be Click Hinge With Axlehole (STUDIOS)
0 ROTATION CENTER 0 0 0 1 "Custom" 
0 ROTATION CONFIG 0 0
1 8 0 0 0 1 0 0 0 1 0 0 0 1 32039.DAT
0 WRITE Next Piece Should Be Tri Pneumatic Hose Connector (TECHNIC)
1 7 1 0 19 0 -1 0 1 0 0 0 0 1 4696mockup.ldr
1 7 0 -13 9 1 0 0 0 -1 0 0 0 -1 4595.DAT
1 7 0 -29 -1 -1 0 0 0 -1 0 0 0 1 4073.DAT
1 7 0 -29 19 -1 0 0 0 -1 0 0 0 1 4073.DAT
1 2 -18 -13 9 0 1 0 -1 0 0 0 0 1 4032.DAT
1 2 -26 -13 9 0 1 0 -1 0 0 0 0 1 4032.DAT
1 8 18 -3 19 0 -1 0 0 0 -1 1 0 0 2450.DAT
1 8 50 -23 9 0 -1 0 0 0 1 -1 0 0 2432.DAT
1 8 26 -3 9 0 -1 0 0 0 -1 1 0 0 2412A.DAT
1 8 1 47 19 0.683013 -0.683013 -0.258819 0.707107 0.707107 0 0.183013 -0.183013 0.965926 CHTNforearmL.ldr
0
0 FILE CHTNarmR.ldr
0 WRITE Next Piece Should Be Click Hinge With Axlehole (STUDIOS)
0 ROTATION CENTER 0 0 0 1 "Custom" 
0 ROTATION CONFIG 0 0
1 8 0 0 0 1 0 0 0 -1 0 0 0 -1 32039.DAT
0 WRITE Next Piece Should Be Tri Pneumatic Hose Connector (TECHNIC)
1 7 -1 0 -19 0 1 0 1 0 0 0 0 -1 4696mockup.ldr
1 7 0 -13 -9 -1 0 0 0 -1 0 0 0 1 4595.DAT
1 7 0 -29 1 -1 0 0 0 -1 0 0 0 1 4073.DAT
1 7 0 -29 -19 -1 0 0 0 -1 0 0 0 1 4073.DAT
1 2 -18 -13 -9 0 1 0 -1 0 0 0 0 1 4032.DAT
1 2 -26 -13 -9 0 1 0 -1 0 0 0 0 1 4032.DAT
1 8 18 -3 -19 0 -1 0 1 0 0 0 0 1 2450.DAT
1 8 50 -23 -9 0 -1 0 0 0 1 -1 0 0 2432.DAT
1 8 26 -3 -9 0 -1 0 0 0 -1 1 0 0 2412A.DAT
1 8 1 47 -19 0.683013 -0.683013 0.258819 0.707107 0.707107 0 -0.183013 0.183013 0.965926 CHTNforearmR.ldr
0
0 FILE CHTNfoot.ldr
0 ROTATION CENTER 0 0 0 1 "Custom" 
0 ROTATION CONFIG 0 0
1 7 0 0 0 0 0 1 0 1 0 -1 0 0 2555.DAT
1 7 20 0 0 0 0 1 0 1 0 -1 0 0 2555.DAT
1 2 0 0 0 0 0 1 0 1 0 -1 0 0 6091.DAT
1 2 20 8 0 0 0 -1 0 1 0 1 0 0 4286.DAT
1 7 -20 32 0 1 0 0 0 1 0 0 0 1 4073.DAT
1 7 30 32 0 1 0 0 0 1 0 0 0 1 4276.DAT
0
0 FILE CHTNforearmL.ldr
0 ROTATION CENTER 0 0 0 1 "Custom" 
0 ROTATION CONFIG 0 0
1 8 0 0 0 -1 0 0 0 1 0 0 0 -1 30383.DAT
1 8 -10 8 0 1 0 0 0 1 0 0 0 1 4085C.DAT
1 8 -12 16 0 0 0 -1 0 1 0 1 0 0 6120.DAT
1 7 -10 4 -20 0 0 1 0 1 0 -1 0 0 3959.DAT
1 7 -34 4 -20 0 -1 0 1 0 0 0 0 1 4073.DAT
1 7 12 4 -20 -1 0 0 0 -1 0 0 0 1 4274.DAT
1 8 10 -8 0 0 0 1 0 1 0 -1 0 0 2555.DAT
0 WRITE Next Piece Should Be Click Hinge With Axlehole (STUDIOS)
1 8 -24 -23 0 0 -0.707107 -0.707107 0 0.707107 -0.707107 1 0 0 32039.DAT
1 7 36 -14 0 0 -1 0 0.707107 0 -0.707107 0.707107 0 0.707107 577.DAT
1 7 44 -14 0 1 0 0 0 0.965926 -0.258819 0 0.258819 0.965926 CHTNhandstaff.ldr
0
0 FILE CHTNforearmR.ldr
0 ROTATION CENTER 0 0 0 1 "Custom" 
0 ROTATION CONFIG 0 0
1 8 0 0 0 -1 0 0 0 1 0 0 0 -1 30383.DAT
1 8 -10 8 0 -1 0 0 0 1 0 0 0 -1 4085C.DAT
1 8 -12 16 0 0 0 -1 0 1 0 1 0 0 6120.DAT
1 7 -10 4 20 0 0 1 0 1 0 -1 0 0 3959.DAT
1 7 -34 4 20 0 -1 0 1 0 0 0 0 1 4073.DAT
1 7 12 4 20 -1 0 0 0 -1 0 0 0 1 4274.DAT
1 8 10 -8 0 0 0 1 0 1 0 -1 0 0 2555.DAT
0 WRITE Next Piece Should Be Click Hinge With Axlehole (STUDIOS)
1 8 -24 -23 0 0 -0.707107 -0.707107 0 0.707107 -0.707107 1 0 0 32039.DAT
1 7 36 -14 0 0 -1 0 0.707107 0 -0.707107 0.707107 0 0.707107 577.DAT
1 7 44 -14 0 0 -1 0 0.258819 0 -0.965926 0.965926 0 0.258819 2555.DAT
0
0 FILE CHTNhandstaff.ldr
0 ROTATION CENTER 0 0 0 1 "Custom" 
0 ROTATION CONFIG 0 0
1 7 0 0 0 0 -1 0 0 0 -1 1 0 0 2555.DAT
1 7 6 18 0 1 0 0 0 -1 0 0 0 -1 577.DAT
1 8 6 -42 0 1 0 0 0 1 0 0 0 1 4589.DAT
1 8 6 42 0 -1 0 0 0 -1 0 0 0 1 4589.DAT
1 7 6 -32 0 0 0 -1 0 1 0 1 0 0 30173.DAT
1 7 6 32 0 0 0 -1 0 -1 0 -1 0 0 30173.DAT
0
0 FILE CHTNhdecor.ldr
0 ROTATION CENTER 0 0 0 1 "Custom" 
0 ROTATION CONFIG 0 0
1 8 0 0 0 0 0 -1 0 -1 0 -1 0 0 6120.DAT
1 8 2 -3 0 0 0 1 0 1 0 -1 0 0 30141.DAT
0
0 FILE CHTNhead.ldr
0 ROTATION CENTER 0 0 0 1 "Custom" 
0 ROTATION CONFIG 0 0
1 7 0 0 0 1 0 0 0 -1 0 0 0 -1 3023.DAT
1 7 20 -8 0 -1 0 0 0 -1 0 0 0 1 4275.DAT
1 36 30 -16 0 -1 0 0 0 -1 0 0 0 1 4073.DAT
1 36 0 -23.5 0 0.978148 0.207912 0 -0.207912 0.978148 0 0 0 1 CHTNhdecor.ldr
0
0 FILE CHTNheatsL.ldr
0 ROTATION CENTER 0 0 0 1 "Custom" 
0 ROTATION CONFIG 0 0
1 7 0 0 0 0 0 1 -1 0 0 0 -1 0 4081B.DAT
1 7 0 0 8 1 0 0 0 0 1 0 -1 0 4073.DAT
1 7 -20 12 -2 -1 0 0 0 -1 0 0 0 1 3957.DAT
1 2 -20 16 -2 0 0 -1 0 1 0 1 0 0 2335.DAT
1 2 -20 24 -2 0.422618 0 -0.906308 0 1 0 0.906308 0 0.422618 2335.DAT
1 2 -20 32 -2 0.766044 0 -0.642788 0 1 0 0.642788 0 0.766044 2335.DAT
1 8 -20 96 -2 -1 0 0 0 -1 0 0 0 1 4589.DAT
0 WRITE Next Piece Should Be Tri Pneumatic Hose Connector (TECHNIC)
1 7 -20 -14 -3 1 0 0 0 0 -1 0 1 0 4696mockup.ldr
1 7 -50 -14 -2 0 0 -1 -1 0 0 0 1 0 3959.DAT
0
0 FILE CHTNheatsR.ldr
0 ROTATION CENTER 0 0 0 1 "Custom" 
0 ROTATION CONFIG 0 0
1 7 0 0 0 0 0 1 1 0 0 0 1 0 4081B.DAT
1 7 0 0 -8 1 0 0 0 0 -1 0 1 0 4073.DAT
1 7 -20 12 2 -1 0 0 0 -1 0 0 0 1 3957.DAT
1 2 -20 16 2 0 0 -1 0 1 0 1 0 0 2335.DAT
1 2 -20 24 2 -0.422618 0 -0.906308 0 1 0 0.906308 0 -0.422618 2335.DAT
1 2 -20 32 2 -0.766044 0 -0.642788 0 1 0 0.642788 0 -0.766044 2335.DAT
1 8 -20 96 2 -1 0 0 0 -1 0 0 0 1 4589.DAT
0 WRITE Next Piece Should Be Tri Pneumatic Hose Connector (TECHNIC)
1 7 -20 -14 1 1 0 0 0 0 -1 0 1 0 4696mockup.ldr
1 7 -50 -14 2 0 0 -1 1 0 0 0 -1 0 3959.DAT
0
0 FILE CHTNhipL.ldr
0 ROTATION CENTER 0 0 0 1 "Custom" 
0 ROTATION CONFIG 0 0
1 7 0 0 0 1 0 0 0 1 0 0 0 1 3941.DAT
1 8 0 -24 -10 1 0 0 0 1 0 0 0 1 3937.DAT
1 8 0 -32 10 -1 0 0 0 1 0 0 0 -1 2432.DAT
1 8 0 84 -9 0.996195 0 -0.0871557 0 1 0 0.0871557 0 0.996195 CHTNshinL.ldr
0
0 FILE CHTNhipR.ldr
0 ROTATION CENTER 0 0 0 1 "Custom" 
0 ROTATION CONFIG 0 0
1 7 0 0 0 1 0 0 0 1 0 0 0 1 3941.DAT
1 8 0 -24 10 -1 0 0 0 1 0 0 0 -1 3937.DAT
1 8 0 -32 -10 1 0 0 0 1 0 0 0 1 2432.DAT
1 8 0 84 9 0.996195 0 0.0871557 0 1 0 -0.0871557 0 0.996195 CHTNshinR.ldr
0
0 FILE CHTNlegL.ldr
0 ROTATION CENTER 0 0 0 1 "Custom" 
0 ROTATION CONFIG 0 0
1 7 0 0 0 1 0 0 0 0 -1 0 1 0 3938.DAT
1 7 0 0 -8 1 0 0 0 0 -1 0 1 0 3794.DAT
1 7 0 11 23.5 1 0 0 0 0.965926 -0.258819 0 0.258819 0.965926 CHTNhipL.ldr
0
0 FILE CHTNlegR.ldr
0 ROTATION CENTER 0 0 0 1 "Custom" 
0 ROTATION CONFIG 0 0
1 7 0 0 0 1 0 0 0 0 1 0 -1 0 3938.DAT
1 7 0 0 8 1 0 0 0 0 1 0 -1 0 3794.DAT
1 7 0 11 -23.5 1 0 0 0 0.965926 0.258819 0 -0.258819 0.965926 CHTNhipR.ldr
0
0 FILE CHTNshinL.ldr
0 ROTATION CENTER 0 0 0 1 "Custom" 
0 ROTATION CONFIG 0 0
1 7 0 0 0 -1 0 0 0 -1 0 0 0 1 2432.DAT
1 7 -10 -32 0 -1 0 0 0 -1 0 0 0 1 6019.DAT
1 7 10 -32 0 1 0 0 0 -1 0 0 0 -1 3024.DAT
1 8 -16 -34 -20 0 1 0 0 0 -1 -1 0 0 3837.DAT
1 2 18 -34 -20 0 -1 0 0.173648 0 0.984808 -0.984808 0 0.173648 2335.DAT
1 8 0 -50 0 0 -1 0 1 0 0 0 0 1 4733.DAT
1 2 8 -50 0 0 -1 0 1 0 0 0 0 1 3024.DAT
1 2 40 -30 0 0 -1 0 0 0 1 -1 0 0 6091.DAT
1 7 -10 -50 -22 0 0 1 1 0 0 0 1 0 4349.DAT
1 2 0 -40 18 1 0 0 0 0 1 0 -1 0 4032.DAT
1 2 0 -50 42 -1 0 0 0 0 -1 0 -1 0 3298.DAT
1 8 -10 2 4.5 1 0 0 0 0.965926 0.258819 0 -0.258819 0.965926 CHTNfoot.ldr
0
0 FILE CHTNshinR.ldr
0 ROTATION CENTER 0 0 0 1 "Custom" 
0 ROTATION CONFIG 0 0
1 7 0 0 0 1 0 0 0 -1 0 0 0 -1 2432.DAT
1 7 -10 -32 0 1 0 0 0 -1 0 0 0 -1 6019.DAT
1 7 10 -32 0 1 0 0 0 -1 0 0 0 -1 3024.DAT
1 8 -16 -34 20 0 1 0 0 0 -1 -1 0 0 3837.DAT
1 2 18 -34 20 0 -1 0 -0.173648 0 0.984808 -0.984808 0 -0.173648 2335.DAT
1 8 0 -50 0 0 -1 0 1 0 0 0 0 1 4733.DAT
1 2 8 -50 0 0 -1 0 1 0 0 0 0 1 3024.DAT
1 2 40 -30 0 0 -1 0 0 0 1 -1 0 0 6091.DAT
1 7 -10 -50 22 0 0 1 -1 0 0 0 -1 0 4349.DAT
1 2 0 -40 -18 1 0 0 0 0 -1 0 1 0 4032.DAT
1 2 0 -50 -42 1 0 0 0 0 -1 0 1 0 3298.DAT
1 8 -10 2 -4.5 1 0 0 0 0.965926 -0.258819 0 0.258819 0.965926 CHTNfoot.ldr
0
0 FILE 4696mockup.ldr
0 WRITE Peeron Entry: http://www.peeron.com/inv/parts/4696
0 ROTATION CENTER 0 0 0 1 "Custom" 
0 ROTATION CONFIG 0 0
1 7 0 0 0 0.33 0 0 0 1 0 0 0 1 75.DAT
1 7 0 0 -12 0 0 1 0 1 0 -0.13 0 0 75.DAT
1 7 0 0 -8 0 0 1 0 1 0 -0.13 0 0 75.DAT
0 
0
0
