0 FILE Complete.ldr
0 Spider Mech Type A
0 Name: Complete.ldr
0 Author: Tim Gould
0 Unofficial Model
0 ROTATION CENTER 0 0 0 1 "Custom" 
0 ROTATION CONFIG 0 0
1 0 0 -108 0 0.707107 0 0.707107 0 1 0 -0.707107 0 0.707107 Hips.ldr
1 0 -0.523 -150 9.985 0.996195 -0.0871557 0 0 0 1 -0.0871557 -0.996195 0 Cockpit.ldr
1 0 0 0 0 1 0 0 0 1 0 0 0 1 axis20x.dat
0
0 FILE LegLow.ldr
0 New Model
0 Name: LegLow.ldr
0 Author: Tim Gould
0 Unofficial Model
0 ROTATION CENTER 0 0 0 1 "Custom" 
0 ROTATION CONFIG 0 0
1 0 0 24 -20 0 0 -1 0 1 0 1 0 0 3021.DAT
1 0 0 24 -70 0 0 -1 0 1 0 1 0 0 3022.DAT
1 0 -10 0 0 -1 0 0 0 1 0 0 0 -1 4070.DAT
1 0 10 0 0 -1 0 0 0 1 0 0 0 -1 4070.DAT
0 STEP
1 0 0 0 -20 1 0 0 0 1 0 0 0 1 3004.DAT
1 0 -10 0 -40 0 0 1 0 1 0 -1 0 0 4070.DAT
1 0 10 0 -40 0 0 -1 0 1 0 1 0 0 4070.DAT
1 0 -10 0 -60 0 0 1 0 1 0 -1 0 0 4070.DAT
1 0 10 0 -60 0 0 -1 0 1 0 1 0 0 4070.DAT
1 0 0 0 -90 1 0 0 0 1 0 0 0 1 3003.DAT
0 STEP
1 0 0 0 -120 1 0 0 0 1 0 0 0 1 3660.DAT
1 0 -10 -8 -50 0 0 -1 0 1 0 1 0 0 4162.DAT
1 0 10 -8 -50 0 0 -1 0 1 0 1 0 0 4162.DAT
1 320 0 -8 -140 1 0 0 0 1 0 0 0 1 3069B.DAT
0 STEP
1 0 24 10 -50 0 -1 0 0 0 -1 1 0 0 2412A.DAT
1 0 -24 10 -50 0 1 0 0 0 -1 -1 0 0 2412A.DAT
1 0 0 10 14 -1 0 0 0 0 -1 0 -1 0 3023.DAT
0 STEP
1 0 -10 10 22 0 0 -1 1 0 0 0 -1 0 2555.DAT
1 0 10 10 22 0 0 -1 1 0 0 0 -1 0 2555.DAT
0
0 FILE LegUp.ldr
0 New Model
0 Name: LegUp.ldr
0 Author: Tim Gould
0 Unofficial Model
0 ROTATION CENTER 0 0 0 1 "Custom" 
0 ROTATION CONFIG 0 0
1 0 0 24 -20 1 0 0 0 1 0 0 0 1 6134.DAT
1 0 0 16 0 0 0 1 0 1 0 -1 0 0 3021.DAT
1 0 10 0 20 -1 0 0 0 1 0 0 0 -1 6019.DAT
1 0 -10 0 20 -1 0 0 0 1 0 0 0 -1 6019.DAT
1 0 0 8 0 0 0 1 0 1 0 -1 0 0 3021.DAT
0 STEP
1 0 0 0 0 -1 0 0 0 1 0 0 0 -1 3023.DAT
1 0 0 0 -20 1 0 0 0 1 0 0 0 1 Unknown
1 0 0 -8 20 -1 0 0 0 1 0 0 0 -1 3023.DAT
0 STEP
1 0 -10 -8 -10 0 0 1 0 1 0 -1 0 0 2436.DAT
1 0 10 -8 -10 0 0 -1 0 1 0 1 0 0 2436.DAT
0 STEP
1 0 0 -16 -20 1 0 0 0 1 0 0 0 1 32028.DAT
1 0 -10 -32 0 -1 0 0 0 1 0 0 0 -1 50950.DAT
1 0 10 -32 0 -1 0 0 0 1 0 0 0 -1 50950.DAT
0 STEP
1 0 32 -8 10 0 -1 0 -1 0 0 0 0 -1 41770.DAT
1 0 -32 -8 10 0 1 0 1 0 0 0 0 -1 41769.DAT
0 STEP
1 0 40 2 30 0 -1 0 0 0 -1 1 0 0 3069B.DAT
1 0 40 2 -10 0 -1 0 0 0 -1 1 0 0 2412A.DAT
1 8 32 2 -40 0 -1 0 0 0 -1 1 0 0 4073.DAT
1 0 -40 2 30 0 1 0 0 0 1 1 0 0 3069B.DAT
1 0 -40.001 2 -10 0 1 0 0 0 -1 -1 0 0 2412A.DAT
1 8 -32 2 -40 0 1 0 0 0 1 1 0 0 4073.DAT
0
0 FILE Leg.ldr
0 New Model
0 Name: Leg.ldr
0 Author: Tim Gould
0 ROTATION CENTER 0 0 0 1 "Custom" 
0 ROTATION CONFIG 0 0
0 MLCAD HIDE 1 15 0 0 0 0 1 0 -0.92388 0 0.382683 0.382683 0 0.92388 30374.DAT
0 MLCAD HIDE 1 15 0 -30.615 -73.91 0 1 0 -1 0 0 0 0 1 30374.DAT
0 Unofficial Model
1 0 0 -17.155 -36.19 1 0 0 0 0.92388 0.382683 0 -0.382683 0.92388 LegUp.ldr
1 0 0 -17.887 -100.781 1 0 0 0 0.707107 -0.707107 0 0.707107 0.707107 LegLow.ldr
0 MLCAD HIDE 1 15 8 0 0 0 1 0 -1 0 0 0 0 1 30374.DAT
0 MLCAD HIDE 1 15 8 0 -80 0 1 0 -0.707107 0 -0.707107 -0.707107 0 0.707107 30374.DAT
0
0 FILE Hips.ldr
0 New Model
0 Name: Hips.ldr
0 Author: Tim Gould
0 Unofficial Model
0 ROTATION CENTER 0 0 0 1 "Custom" 
0 ROTATION CONFIG 0 0
1 0 0 16 50 -1 0 0 0 1 0 0 0 -1 Unknown
1 0 -50 16 0 0 0 1 0 1 0 -1 0 0 Unknown
1 0 50 16 0 0 0 -1 0 1 0 1 0 0 Unknown
1 0 0 16 -50 1 0 0 0 1 0 0 0 1 Unknown
1 8 -10 8 50 1 0 0 0 1 0 0 0 1 4073.DAT
1 8 10 8 50 1 0 0 0 1 0 0 0 1 4073.DAT
1 8 -50 8 10 0 0 1 0 1 0 -1 0 0 4073.DAT
1 8 50 8 10 0 0 1 0 1 0 -1 0 0 4073.DAT
1 8 -50 8 -10 0 0 1 0 1 0 -1 0 0 4073.DAT
1 8 50 8 -10 0 0 1 0 1 0 -1 0 0 4073.DAT
1 8 -10 8 -50 1 0 0 0 1 0 0 0 1 4073.DAT
1 8 10 8 -50 1 0 0 0 1 0 0 0 1 4073.DAT
0 STEP
1 0 -10 8 10 0 0 -1 0 1 0 1 0 0 2420.DAT
1 0 10 8 10 1 0 0 0 1 0 0 0 1 2420.DAT
1 0 -10 8 -10 -1 0 0 0 1 0 0 0 -1 2420.DAT
1 0 10 8 -10 0 0 1 0 1 0 -1 0 0 2420.DAT
0 STEP
1 320 0 0 40 0 0 -1 0 1 0 1 0 0 3022.DAT
1 320 0 0 0 -1 0 0 0 1 0 0 0 -1 3795.DAT
1 320 0 0 -40 0 0 -1 0 1 0 1 0 0 3022.DAT
0 STEP
1 0 0 -8 40 0 0 1 0 1 0 -1 0 0 3022.DAT
1 0 -40 -8 0 1 0 0 0 1 0 0 0 1 3022.DAT
1 0 40 -8 0 1 0 0 0 1 0 0 0 1 3022.DAT
1 0 0 -8 -40 0 0 1 0 1 0 -1 0 0 3022.DAT
1 8 0 -36 0 0 0 1 1 0 0 0 1 0 6587.DAT
0 STEP
1 0 -50 -16 0 -1 0 0 0 1 0 0 0 -1 3021.DAT
1 0 0 -16 0 0 0 1 0 1 0 -1 0 0 3738.DAT
1 0 50 -16 0 -1 0 0 0 1 0 0 0 -1 3021.DAT
0 STEP
1 0 0 16 0 0.866025 0 -0.5 0 1 0 0.5 0 0.866025 UnderSensors.ldr
0 STEP
1 0 0 -24 60 0 0 1 0 1 0 -1 0 0 3068B.DAT
1 0 0 -24 30 -1 0 0 0 1 0 0 0 -1 2412A.DAT
1 0 -60 -24 0 0 0 1 0 1 0 -1 0 0 3068B.DAT
1 0 -30 -24 0 0 0 1 0 1 0 -1 0 0 2412A.DAT
1 0 30 -24 0 0 0 1 0 1 0 -1 0 0 2412A.DAT
1 0 60 -24 0 0 0 1 0 1 0 -1 0 0 3068B.DAT
1 0 0 -24 -30 -1 0 0 0 1 0 0 0 -1 2412A.DAT
1 0 0 -24 -60 0 0 1 0 1 0 -1 0 0 3068B.DAT
0 STEP
1 14 0 -28 0 1 0 0 0 0 1 0 -1 0 4185.DAT
1 7 0 -57 0 1 0 0 0 0 1 0 -1 0 4265C.DAT
1 7 0 -70 0 0 0 1 0 1 0 -1 0 0 4073.DAT
0 STEP
1 0 70 18 0 0 0 -1 0 1 0 1 0 0 Leg.ldr
1 0 0 18 70 -1 0 0 0 1 0 0 0 -1 Leg.ldr
1 0 -70 18 0 0 0 1 0 1 0 -1 0 0 Leg.ldr
1 0 0 18 -70 1 0 0 0 1 0 0 0 1 Leg.ldr
0
0 FILE UnderSensors.ldr
0 New Model
0 Name: UnderSensors.ldr
0 Author: Tim Gould
0 Unofficial Model
0 ROTATION CENTER 0 0 0 1 "Custom" 
0 ROTATION CONFIG 0 0
1 0 0 32 0 1 0 0 0 1 0 0 0 1 2654.DAT
1 0 -10 8 10 0 0 1 0 1 0 -1 0 0 4070.DAT
1 0 10 8 10 -1 0 0 0 1 0 0 0 -1 4070.DAT
1 0 -10 8 -10 1 0 0 0 1 0 0 0 1 4070.DAT
1 0 10 8 -10 0 0 -1 0 1 0 1 0 0 4070.DAT
0 STEP
1 36 10 18 24 -1 0 0 0 0 -1 0 -1 0 4073.DAT
1 36 -24 18 10 0 1 0 0 0 -1 -1 0 0 4073.DAT
1 36 -10 18 -24 1 0 0 0 0 -1 0 1 0 4073.DAT
1 36 24 18 -10 0 -1 0 0 0 -1 1 0 0 4073.DAT
0 STEP
1 0 0 0 0 1 0 0 0 1 0 0 0 1 3680C01.DAT
0
0 FILE Cockpit.ldr
0 New Model
0 Name: Cockpit.ldr
0 Author: Tim Gould
0 Unofficial Model
0 ROTATION CENTER 0 0 0 1 "Custom" 
0 ROTATION CONFIG 0 0
1 0 0 72 0 1 0 0 0 -1 0 0 0 -1 2431.DAT
1 0 -30 72 -30 0 0 -1 0 -1 0 -1 0 0 2412A.DAT
1 0 30 72 -30 0 0 -1 0 -1 0 -1 0 0 2412A.DAT
1 0 -30 72 -60 0 0 -1 0 -1 0 -1 0 0 3070A.DAT
1 0 30 72 -60 0 0 -1 0 -1 0 -1 0 0 3070A.DAT
1 36 -50 72 0 1 0 0 0 -1 0 0 0 -1 4073.DAT
0 STEP
1 0 -30 72 -20 0 0 1 0 -1 0 1 0 0 6091.DAT
1 0 30 72 -30 0 0 -1 0 -1 0 -1 0 0 6081.DAT
1 0 -30 72 -40 0 0 1 0 -1 0 1 0 0 6091.DAT
1 0 -30 72 -60 0 0 1 0 -1 0 1 0 0 6091.DAT
1 0 -20 64 0 -1 0 0 0 -1 0 0 0 1 3010.DAT
0 STEP
1 0 30 56 0 1 0 0 0 -1 0 0 0 -1 3024.DAT
1 0 -30 56 -60 0 0 1 0 -1 0 1 0 0 3024.DAT
1 0 30 56 -60 0 0 1 0 -1 0 1 0 0 3024.DAT
0 STEP
1 0 30 48 0 1 0 0 0 -1 0 0 0 -1 3024.DAT
1 0 -30 48 -60 0 0 1 0 -1 0 1 0 0 3024.DAT
1 0 30 48 -60 0 0 1 0 -1 0 1 0 0 3024.DAT
1 0 -30 56 -30 0 0 1 0 -1 0 1 0 0 3700.DAT
1 0 30 56 -30 0 0 1 0 -1 0 1 0 0 3700.DAT
1 0 0 55.523 -33.624 -1 0 0 0 -0.965926 0.258819 0 0.258819 0.965926 Gun.ldr
0 STEP
1 0 0 40 0 -1 0 0 0 -1 0 0 0 1 3666.DAT
1 0 -50 40 -30 0 0 1 0 -1 0 1 0 0 3023.DAT
1 0 50 40 -30 0 0 1 0 -1 0 1 0 0 3023.DAT
1 0 0 40 -60 -1 0 0 0 -1 0 0 0 1 3666.DAT
1 0 0 32 0 -1 0 0 0 -1 0 0 0 1 3710.DAT
0 STEP
1 0 50 32 -30 0 0 -1 0 -1 0 -1 0 0 3010.DAT
1 0 -50 32 -30 0 0 1 0 -1 0 1 0 0 3010.DAT
1 0 0 18 -70 1 0 0 0 0 -1 0 1 0 2436.DAT
0 STEP
1 0 -60 2 -20 0 1 0 0 0 -1 -1 0 0 4070.DAT
1 0 60 2 -20 0 -1 0 0 0 -1 1 0 0 4070.DAT
1 0 -60 2 -40 0 1 0 0 0 -1 -1 0 0 4070.DAT
1 0 60 2 -40 0 -1 0 0 0 -1 1 0 0 4070.DAT
0 STEP
1 0 0 0 0 1 0 0 0 1 0 0 0 1 3701.DAT
1 7 -36 2 -30 0 1 0 0 0 -1 -1 0 0 2540.DAT
1 7 36 2 -30 0 -1 0 0 0 -1 1 0 0 2540.DAT
0 STEP
1 7 -34 22 -32 0 -0.121869 0.992546 0 0.992546 0.121869 -1 0 0 Control.ldr
1 7 34 22 -32 0 0.121869 -0.992546 0 0.992546 0.121869 1 0 0 Control.ldr
0 STEP
1 14 -50 0 0 0 0 1 0 1 0 -1 0 0 3024.DAT
1 14 50 0 0 0 0 -1 0 1 0 1 0 0 3024.DAT
1 14 -50 0 -60 0 0 1 0 1 0 -1 0 0 3024.DAT
1 14 50 0 -60 0 0 -1 0 1 0 1 0 0 3024.DAT
0 STEP
1 0 -60 -18 -20 0 1 0 0 0 1 1 0 0 4070.DAT
1 0 60 -18 -20 0 -1 0 0 0 1 -1 0 0 4070.DAT
1 0 -60 -18 -40 0 1 0 0 0 1 1 0 0 4070.DAT
1 0 60 -18 -40 0 -1 0 0 0 1 -1 0 0 4070.DAT
0 STEP
1 320 -68 -8 -30 0 1 0 1 0 0 0 0 -1 3068B.DAT
1 320 68 -8 -30 0 -1 0 1 0 0 0 0 1 3068B.DAT
0 STEP
1 0 -40 -24 0 -1 0 0 0 1 0 0 0 -1 3004.DAT
1 0 40 -24 0 -1 0 0 0 1 0 0 0 -1 3004.DAT
1 0 -50 -24 -60 0 0 1 0 1 0 -1 0 0 3005.DAT
1 0 50 -24 -60 0 0 -1 0 1 0 1 0 0 3005.DAT
0 STEP
1 0 -40 -32 0 1 0 0 0 1 0 0 0 1 3023.DAT
1 0 40 -32 0 1 0 0 0 1 0 0 0 1 3023.DAT
1 0 -50 -32 -40 0 0 1 0 1 0 -1 0 0 3623.DAT
1 0 50 -32 -40 0 0 1 0 1 0 -1 0 0 3623.DAT
0 STEP
1 14 -30 -40 0 0 0 1 0 1 0 -1 0 0 3024.DAT
1 14 50 -40 -30 0 0 1 0 1 0 -1 0 0 2431.DAT
1 14 -50 -40 -30 0 0 1 0 1 0 -1 0 0 2431.DAT
1 14 30 -40 0 0 0 1 0 1 0 -1 0 0 3024.DAT
1 0 0 -72 0 1 0 0 0 1 0 0 0 1 2362B.DAT
0 STEP
1 0 -40 -48 0 1 0 0 0 1 0 0 0 1 3023.DAT
1 0 40 -48 0 1 0 0 0 1 0 0 0 1 3023.DAT
1 0 -30 -56 -30 0 0 1 0 1 0 -1 0 0 3710.DAT
1 0 30 -56 -30 0 0 1 0 1 0 -1 0 0 3710.DAT
0 STEP
1 0 -30 -64 -10 0 0 1 0 1 0 -1 0 0 3023.DAT
1 0 30 -64 -10 0 0 1 0 1 0 -1 0 0 3023.DAT
1 0 -30 -80 0 0 0 1 0 1 0 -1 0 0 6091.DAT
1 0 30 -80 0 0 0 -1 0 1 0 1 0 0 6091.DAT
1 0 -30 -72 -20 0 0 1 0 1 0 -1 0 0 3024.DAT
1 0 30 -72 -20 0 0 1 0 1 0 -1 0 0 3024.DAT
0 STEP
1 0 -30 -80 -50 0 0 1 0 1 0 -1 0 0 32000.DAT
1 1 -40 -70 -60 -1 0 0 0 1 0 0 0 -1 4274.DAT
1 1 -40 -70 -40 -1 0 0 0 1 0 0 0 -1 4274.DAT
1 1 40 -70 -40 1 0 0 0 1 0 0 0 1 4274.DAT
1 1 40 -70 -60 1 0 0 0 1 0 0 0 1 4274.DAT
1 0 30 -80 -50 0 0 1 0 1 0 -1 0 0 32000.DAT
0 STEP
1 0 0 -80 -20 -1 0 0 0 1 0 0 0 -1 3710.DAT
1 0 -30 -72 0 -1 0 0 0 1 0 0 0 -1 Unknown
1 0 -10 -72 0 -1 0 0 0 1 0 0 0 -1 Unknown
1 0 10 -72 0 -1 0 0 0 1 0 0 0 -1 Unknown
1 0 30 -72 0 -1 0 0 0 1 0 0 0 -1 Unknown
0 STEP
1 0 0 -88 -60 -1 0 0 0 1 0 0 0 -1 3710.DAT
1 0 0 -88 -30 -1 0 0 0 1 0 0 0 -1 3020.DAT
0 STEP
1 0 0 -96 -20 -1 0 0 0 1 0 0 0 -1 2431.DAT
1 0 0 -96 -60 -1 0 0 0 1 0 0 0 -1 2431.DAT
1 0 -20 -96 -40 -1 0 0 0 1 0 0 0 -1 3794.DAT
1 0 20 -96 -40 -1 0 0 0 1 0 0 0 -1 3794.DAT
1 8 -20 -104 -40 -1 0 0 0 1 0 0 0 -1 2555.DAT
1 8 20 -104 -40 -1 0 0 0 1 0 0 0 -1 2555.DAT
0 STEP
1 8 -48 -50 -40 0 1 0 0 0 1 1 0 0 Tear.ldr
1 8 48 -50 -40 0 -1 0 0 0 1 -1 0 0 Tear.ldr
0 STEP
1 0 0 8 -78 1 0 0 0 0 -1 0 1 0 CockpitRoof.ldr
0
0 FILE Gun.ldr
0 New Model
0 Name: Gun.ldr
0 Author: Tim Gould
0 Unofficial Model
0 ROTATION CENTER 0 0 0 1 "Custom" 
0 ROTATION CONFIG 0 0
1 7 0 0 0 1 0 0 0 1 0 0 0 1 2817.DAT
1 0 20 10 0 1 0 0 0 1 0 0 0 1 4459.DAT
1 0 -20 10 0 1 0 0 0 1 0 0 0 1 4459.DAT
0 STEP
1 7 0 -8 0 0 0 -1 0 1 0 1 0 0 4032.DAT
1 7 0 -16 0 0 0 -1 0 1 0 1 0 0 4032.DAT
1 7 0 -24 10 1 0 0 0 1 0 0 0 1 3023.DAT
1 7 0 -24 -10 1 0 0 0 1 0 0 0 1 2540.DAT
0 STEP
1 7 0 -32 0 0 0 -1 0 1 0 1 0 0 4032.DAT
1 7 -10 -40 10 0 0 1 0 1 0 -1 0 0 4085C.DAT
1 7 10 -40 10 0 0 -1 0 1 0 1 0 0 4081B.DAT
1 7 0 -40 -10 1 0 0 0 1 0 0 0 1 3794.DAT
0 STEP
1 7 0 -48 10 1 0 0 0 1 0 0 0 1 2412A.DAT
1 7 -30 -72 10 0 0 -1 0 1 0 1 0 0 6246A.DAT
1 7 30 -38 -12 -0.34202 0 0.939693 -0.939693 0 -0.34202 0 -1 0 375.DAT
0 STEP
1 7 0 -60 -10 0 0 -1 1 0 0 0 -1 0 75535.DAT
1 7 0 -80 -10 0 0 -1 1 0 0 0 -1 0 4459.DAT
1 7 0 -160 -10 0 0 -1 1 0 0 0 -1 0 4459.DAT
1 7 0 -100 -10 0 0 -1 1 0 0 0 -1 0 75535.DAT
1 7 0 -140 -10 0 0 -1 -1 0 0 0 1 0 75535.DAT
1 7 0 -180 -10 0 0 -1 1 0 0 0 -1 0 75535.DAT
0 STEP
1 320 0 -200 -10 0 0 -1 0 -1 0 -1 0 0 4073.DAT
1 7 0 -208 -10 0 0 -1 0 -1 0 -1 0 0 3005.DAT
0 STEP
1 7 20 -22 -30 0 -1 0 -0.956305 0 0.292372 -0.292372 0 -0.956305 2335.DAT
0
0 FILE Tear.ldr
0 New Model
0 Name: Tear.ldr
0 Author: Tim Gould
0 Unofficial Model
0 ROTATION CENTER 0 0 0 1 "Custom" 
0 ROTATION CONFIG 0 0
1 0 0 0 0 1 0 0 0 1 0 0 0 1 3623.DAT
0 STEP
1 0 -20 -16 -20 1 0 0 0 1 0 0 0 1 50950.DAT
1 0 0 -16 -20 1 0 0 0 1 0 0 0 1 50950.DAT
1 0 20 -16 -20 1 0 0 0 1 0 0 0 1 50950.DAT
0
0 FILE Control.ldr
0 New Model
0 Name: Control.ldr
0 Author: Tim Gould
0 Unofficial Model
0 ROTATION CENTER 0 0 0 1 "Custom" 
0 ROTATION CONFIG 0 0
1 7 0 -2 20 1 0 0 0 1 0 0 0 1 6019.DAT
0 STEP
1 7 0 -10 20 1 0 0 0 1 0 0 0 1 3069BP25.DAT
0
0 FILE CockpitRoof.ldr
0 New Model
0 Name: CockpitRoof.ldr
0 Author: Tim Gould
0 Unofficial Model
0 ROTATION CENTER 0 0 0 1 "Custom" 
0 ROTATION CONFIG 0 0
1 0 0 0 70 -1 0 0 0 1 0 0 0 -1 32028.DAT
1 0 -30 0 50 0 0 1 0 1 0 -1 0 0 3623.DAT
1 0 30 0 50 0 0 1 0 1 0 -1 0 0 3623.DAT
1 0 0 0 0 1 0 0 0 1 0 0 0 1 3020.DAT
0 STEP
1 0 -30 -8 20 0 0 1 0 1 0 -1 0 0 2431.DAT
1 0 30 -8 20 0 0 1 0 1 0 -1 0 0 2431.DAT
1 0 0 -8 -10 -1 0 0 0 1 0 0 0 -1 2412A.DAT
1 0 0 -8 70 1 0 0 0 1 0 0 0 1 4625.DAT
0 STEP
1 0 0 -12 76 1 0 0 0 0.829038 0.559193 0 -0.559193 0.829038 CockpitHatch.ldr
0
0 FILE CockpitHatch.ldr
0 New Model
0 Name: CockpitHatch.ldr
0 Author: Tim Gould
0 Unofficial Model
0 ROTATION CENTER 0 0 0 1 "Custom" 
0 ROTATION CONFIG 0 0
1 0 0 -4 -36 1 0 0 0 1 0 0 0 1 4213.DAT
1 0 -10 -12 -46 1 0 0 0 1 0 0 0 1 4592.DAT
1 8 10 -12 -46 1 0 0 0 1 0 0 0 1 4073.DAT
1 8 10 -12 -26 1 0 0 0 1 0 0 0 1 4073.DAT
1 8 -10 -12 -26 1 0 0 0 1 0 0 0 1 4073.DAT
0
0 FILE HandGun.ldr
0 New Model
0 Name: HandGun.ldr
0 Author: Tim Gould
0 Unofficial Model
0 ROTATION CENTER 0 0 0 1 "Custom" 
0 ROTATION CONFIG 0 0
1 0 0 0 -4 -1 0 0 0 0 1 0 1 0 4599.DAT
1 0 0 0 20 -1 0 0 0 0 1 0 1 0 3024.DAT
1 0 0 0 28 -1 0 0 0 0 1 0 1 0 3024.DAT
0 STEP
1 8 20 0 4 0 0 1 1 0 0 0 1 0 4085A.DAT
1 0 20 0 -4 0 0 1 1 0 0 0 1 0 4073.DAT
0 STEP
1 0 0 0 -26 0 0 -1 0 1 0 1 0 0 75535.DAT
0 STEP
1 0 0 0 -46 0 0 -1 1 0 0 0 -1 0 3024.DAT
1 0 0 0 -54 0 0 -1 1 0 0 0 -1 0 3024.DAT
0
0 FILE FigTank.ldr
0 New Minifig Model
0 Name: FigTank.ldr
0 Author: Tim Gould
0 Unofficial Model
0 ROTATION CENTER 0 0 0 1 "Custom" 
0 ROTATION CONFIG 0 0
1 14 0 -21 8 1 0 0 0 1 0 0 0 1 3626BP06.DAT
1 0 0 3 8 1 0 0 0 1 0 0 0 1 973P52.DAT
1 0 0 35 8 1 0 0 0 1 0 0 0 1 970.DAT
1 8 -15.552 12 8 0.985 -0.109274 -0.130228 0.17 0.633146 0.754554 0 -0.766044 0.642788 982.DAT
1 8 15.552 12 8 0.985 0.130228 0.109274 -0.17 0.754554 0.633146 0 -0.642788 0.766044 981.DAT
1 0 -21.38 15.2067 -13.006 0.985 -0.169328 -0.0148142 0.17 0.981104 0.0858354 0 -0.0871426 0.996044 983.DAT
1 0 21.9894 18.7375 -11.9657 0.985 0.169328 -0.0148142 -0.17 0.981104 -0.0858354 0 0.0871426 0.996044 983.DAT
1 8 0 47 8 1 0 0 0 0.0174524 0.999848 0 -0.999848 0.0174524 971.DAT
1 8 0 47 8 1 0 0 0 0.0174524 0.999848 0 -0.999848 0.0174524 972.DAT
1 0 0 -21 8 1 0 0 0 1 0 0 0 1 30171.DAT
0
0 FILE FigSoldierA.ldr
0 New Minifig Model
0 Name: FigSoldierA.ldr
0 Author: Tim Gould
0 Unofficial Model
0 ROTATION CENTER 0 0 0 1 "Custom" 
0 ROTATION CONFIG 0 0
1 8 0 -26 2 1 0 0 0 1 0 0 0 1 2446.DAT
1 0 0 -26 6 1 0 0 0 0.866025 0.5 0 -0.5 0.866025 2447.DAT
1 14 0 -26 0 1 0 0 0 1 0 0 0 1 3626BP01.DAT
1 0 0 0 0 1 0 0 0 1 0 0 0 1 973P52.DAT
1 8 0 0 0 1 0 0 0 1 0 0 0 1 2524.DAT
1 0 0 32 0 1 0 0 0 1 0 0 0 1 970.DAT
1 8 -15.552 9 0 0.985 -0.17 0 0.17 0.985 0 0 0 1 982.DAT
1 8 15.552 9 0 0.985 0.085 0.147224 -0.17 0.4925 0.853035 0 -0.866025 0.5 981.DAT
1 0 -23.8634 26.5956 -10.321 0.985 -0.12019 0.12019 0.17 0.696395 -0.696395 0 0.707 0.707 983.DAT
1 0 20.7492 8.55162 -21.408 0.998546 -0.00935516 0.0439926 -0.00222698 0.966361 0.254898 -0.0449367 -0.254849 0.96578 983.DAT
1 0 20.238 -9.754 -30.881 0.998546 0.0015717 0.0449368 -0.00222698 0.999056 0.0133919 -0.0449367 -0.0134843 0.99848 HandGun.ldr
1 8 0 44 0 1 0 0 0 1 0 0 0 1 971.DAT
1 8 0 44 0 1 0 0 0 0.743145 -0.669131 0 0.669131 0.743145 972.DAT
0 
0 
0 
0 
0 
0 
0 
0 
0 
0
0
