0 FILE Bee.ldr
0 WRITE "Bee" AG Police Support Vehicle
0 WRITE Name: Bee.mpd
0 WRITE Author: Mladen Pejic
0 WRITE Website: http://www3.sympatico.ca/mladenpejic/
0 WRITE E-Mail: mladenpejic@sympatico.ca
0 ROTATION CENTER 0 0 0 1 "Custom" 
0 ROTATION CONFIG 0 0
1 0 0 0 0 1 0 0 0 1 0 0 0 1 axis20x.dat
1 0 -70 -40 0 0 -1 0 0 0 -1 1 0 0 2540.DAT
1 14 -78 -40 10 0 -1 0 1 0 0 0 0 1 4073.DAT
1 14 -78 -40 -10 0 -1 0 1 0 0 0 0 1 4073.DAT
1 0 -62 -40 0 0 -1 0 0 0 -1 1 0 0 4590.DAT
1 0 -54 -40 0 0 -1 0 0 0 1 -1 0 0 2540.DAT
1 14 -78 -50 -30 0 -1 0 1 0 0 0 0 1 4589.DAT
1 14 -78 -50 30 0 -1 0 1 0 0 0 0 1 4589.DAT
1 36 -102 -50 -30 0 -1 0 1 0 0 0 0 1 4073.DAT
1 36 -102 -50 30 0 -1 0 1 0 0 0 0 1 4073.DAT
1 36 -32 -40 -10 1 0 0 0 0.819152 -0.573576 0 0.573576 0.819152 BeeAG.ldr
1 36 -32 -40 10 1 0 0 0 0.819152 0.573576 0 -0.573576 0.819152 BeeAG.ldr
1 36 -78 -18.5 0 0.258819 -0.965926 0 0.965926 0.258819 0 0 0 1 Beeengine.ldr
1 36 6 -33.5 -29 1 0 0 0 0.906308 -0.422618 0 0.422618 0.906308 BeewingR.ldr
1 36 6 -33.5 29 1 0 0 0 0.906308 0.422618 0 -0.422618 0.906308 BeewingL.ldr
1 0 22 -40 10 0 1 0 -1 0 0 0 0 1 3062B.DAT
1 0 22 -40 -10 0 1 0 -1 0 0 0 0 1 3062B.DAT
1 0 50 -60 -12 1 0 0 0 0 -1 0 1 0 4081B.DAT
1 0 50 -60 12 -1 0 0 0 0 -1 0 -1 0 4081B.DAT
1 14 30 -62 0 0 0 -1 0 1 0 1 0 0 4081B.DAT
1 0 6 -46 10 0 0 1 0 -1 0 1 0 0 2555.DAT
1 0 6 -46 -10 0 0 1 0 -1 0 1 0 0 2555.DAT
1 14 6 -54 -10 -1 0 0 0 -1 0 0 0 1 4081B.DAT
1 14 6 -54 10 1 0 0 0 -1 0 0 0 -1 4081B.DAT
1 0 6 -62 0 0 0 1 0 -1 0 1 0 0 4623.DAT
1 0 16 -70 0 -1 0 0 0 -1 0 0 0 1 2654.DAT
1 0 -6 -56 -30 0 1 0 -1 0 0 0 0 1 4073.DAT
1 0 -6 -56 30 0 1 0 -1 0 0 0 0 1 4073.DAT
1 0 34 -56 -30 0 -1 0 1 0 0 0 0 1 3062B.DAT
1 0 34 -56 30 0 -1 0 1 0 0 0 0 1 3062B.DAT
1 14 62 -40 0 0 -1 0 0 0 1 -1 0 0 4590.DAT
1 0 94 -40 0 0 -1 0 0 0 1 -1 0 0 2432.DAT
1 0 88 -28.5 0 0.939693 -0.34202 0 0.34202 0.939693 0 0 0 1 Beecockpit.ldr
1 0 70 -30 -30 0 -1 0 0.965926 0 -0.258819 0.258819 0 0.965926 Beegun2.ldr
1 0 70 -30 30 0 -1 0 -0.965926 0 -0.258819 0.258819 0 -0.965926 Beegun2.ldr
0
0 FILE BeeAG.ldr
0 ROTATION CENTER 0 0 0 1 "Custom" 
0 ROTATION CONFIG 0 0
1 0 0 0 0 0 0 1 0 -1 0 1 0 0 4349.DAT
1 14 0 -11 0 1 0 0 0 -1 0 0 0 -1 4032.DAT
1 0 0 -19 0 1 0 0 0 -1 0 0 0 -1 2654.DAT
0
0 FILE Beecockpit.ldr
0 ROTATION CENTER 0 0 0 1 "Custom" 
0 ROTATION CONFIG 0 0
1 0 0 0 0 1 0 0 0 1 0 0 0 1 2555.DAT
1 14 0 8 0 0 0 -1 0 1 0 1 0 0 4081B.DAT
1 33 20 10 -12 1 0 0 0 0 -1 0 1 0 4073.DAT
1 33 20 10 12 1 0 0 0 0 1 0 -1 0 4073.DAT
1 0 -14 16 0 0.707107 0 0.707107 0 1 0 -0.707107 0 0.707107 2654.DAT
0
0 FILE Beeengine.ldr
0 ROTATION CENTER 0 0 0 1 "Custom" 
0 ROTATION CONFIG 0 0
1 14 0 0 0 1 0 0 0 1 0 0 0 1 2555.DAT
1 14 0 8 0 1 0 0 0 1 0 0 0 1 4589.DAT
1 36 0 32 0 1 0 0 0 1 0 0 0 1 4073.DAT
0
0 FILE Beegun1.ldr
0 ROTATION CENTER 0 0 0 1 "Custom" 
0 ROTATION CONFIG 0 0
1 0 0 0 0 1 0 0 0 1 0 0 0 1 4592.DAT
1 0 0 -2 0 1 0 0 0 0 -1 0 1 0 4593.DAT
0
0 FILE Beegun2.ldr
0 ROTATION CENTER 0 0 0 1 "Custom" 
0 ROTATION CONFIG 0 0
1 0 0 0 0 1 0 0 0 1 0 0 0 1 4592.DAT
1 0 0 -2 0 1 0 0 0 0.939693 -0.34202 0 0.34202 0.939693 4593.DAT
0
0 FILE BeewingL.ldr
0 ROTATION CENTER 0 0 0 1 "Custom" 
0 ROTATION CONFIG 0 0
1 0 0 0 0 1 0 0 0 1 0 0 0 1 2540.DAT
1 14 10 8 20 0 0 -1 0 1 0 1 0 0 2450.DAT
1 0 30 0 0 1 0 0 0 1 0 0 0 1 4073.DAT
1 0 0 16 10 1 0 0 0 1 0 0 0 1 2654.DAT
1 0 -10 0 30 0 0 1 0 1 0 -1 0 0 2540.DAT
1 14 0 -8 0 -1 0 0 0 1 0 0 0 -1 3069BP09.DAT
1 14 -10 -8 30 0 0 1 0 1 0 -1 0 0 2412A.DAT
1 14 10 0 20 -0.34202 0 -0.939693 0 1 0 0.939693 0 -0.34202 Beegun1.ldr
0
0 FILE BeewingR.ldr
0 ROTATION CENTER 0 0 0 1 "Custom" 
0 ROTATION CONFIG 0 0
1 0 0 0 0 -1 0 0 0 1 0 0 0 -1 2540.DAT
1 14 10 8 -20 1 0 0 0 1 0 0 0 1 2450.DAT
1 0 30 0 0 1 0 0 0 1 0 0 0 1 4073.DAT
1 0 0 16 -10 1 0 0 0 1 0 0 0 1 2654.DAT
1 0 -10 0 -30 0 0 1 0 1 0 -1 0 0 2540.DAT
1 14 0 -8 0 1 0 0 0 1 0 0 0 1 3069BP09.DAT
1 14 -10 -8 -30 0 0 1 0 1 0 -1 0 0 2412A.DAT
1 14 10 0 -20 0.34202 0 -0.939693 0 1 0 0.939693 0 0.34202 Beegun1.ldr
0 
0
0
