0 FILE Gorilla.ldr
0 WRITE "Gorilla" Police Special Vehicle Unit
0 ROTATION CENTER 0 0 0 1 "Custom" 
0 ROTATION CONFIG 0 0
1 0 0 0 0 1 0 0 0 1 0 0 0 1 axis20x.dat
0 WRITE Name: Gorilla.mpd
0 WRITE Author: Mladen Pejic
0 WRITE Website: http://www3.sympatico.ca/mladenpejic/
0 WRITE E-Mail: mladenpejic@sympatico.ca
1 15 -4 -105 0 1 0 0 0 1 0 0 0 1 3001.DAT
1 8 -4 -81 -10 1 0 0 0 1 0 0 0 1 2540.DAT
1 8 -4 -81 10 -1 0 0 0 1 0 0 0 -1 2540.DAT
1 8 -44 -81 -10 1 0 0 0 1 0 0 0 1 4623.DAT
1 8 -44 -81 10 -1 0 0 0 1 0 0 0 -1 4623.DAT
1 8 36 -81 10 -1 0 0 0 1 0 0 0 -1 4623.DAT
1 8 36 -81 -10 1 0 0 0 1 0 0 0 1 4623.DAT
1 8 -24 -73 0 1 0 0 0 1 0 0 0 1 2654.DAT
1 8 16 -73 0 1 0 0 0 1 0 0 0 1 2654.DAT
1 15 -54 -105 0 0 0 1 0 1 0 -1 0 0 3660.DAT
1 15 46 -105 0 0 0 -1 0 1 0 1 0 0 3747.DAT
1 15 23.5 -89 -47.5 0.707107 0 0.707107 0 1 0 -0.707107 0 0.707107 GorlegR.ldr
1 15 23.5 -89 47.5 0.707107 0 -0.707107 0 1 0 0.707107 0 0.707107 GorlegL.ldr
1 15 -31.5 -89 -47.5 -0.707107 0 0.707107 0 1 0 -0.707107 0 -0.707107 GorlegL.ldr
1 15 -31.5 -89 47.5 -0.707107 0 -0.707107 0 1 0 0.707107 0 -0.707107 GorlegR.ldr
1 33 36 -101 -32 1 0 0 0 1 0 0 0 1 4073.DAT
1 33 -44 -101 -32 1 0 0 0 1 0 0 0 1 4073.DAT
1 36 -44 -101 32 1 0 0 0 1 0 0 0 1 4073.DAT
1 36 36 -101 32 1 0 0 0 1 0 0 0 1 4073.DAT
1 1 -4 -113 0 1 0 0 0 1 0 0 0 1 3032.DAT
1 1 -74 -113 -10 1 0 0 0 1 0 0 0 1 4081B.DAT
1 1 -74 -113 10 -1 0 0 0 1 0 0 0 -1 4081B.DAT
1 1 76 -113 -10 1 0 0 0 1 0 0 0 1 2540.DAT
1 1 76 -113 10 -1 0 0 0 1 0 0 0 -1 2540.DAT
1 15 -4 -121 30 1 0 0 0 1 0 0 0 1 3069P30.DAT
1 15 -4 -121 -30 1 0 0 0 1 0 0 0 1 3069BP25.DAT
1 15 6 -121 0 0 0 1 0 1 0 -1 0 0 3794.DAT
1 15 26 -121 0 0 0 1 0 1 0 -1 0 0 3794.DAT
1 15 46 -121 0 0 0 1 0 1 0 -1 0 0 3023.DAT
1 15 66 -121 0 0 0 1 0 1 0 -1 0 0 3794.DAT
1 15 86 -121 0 0 0 1 0 1 0 -1 0 0 3794.DAT
1 15 46 -137 -30 1 0 0 0 1 0 0 0 1 3665.DAT
1 15 46 -137 30 -1 0 0 0 1 0 0 0 -1 3665.DAT
1 15 -54 -137 30 -1 0 0 0 1 0 0 0 -1 3665.DAT
1 15 -54 -137 -30 1 0 0 0 1 0 0 0 1 3665.DAT
1 15 26 -137 -30 1 0 0 0 1 0 0 0 1 4070.DAT
1 15 26 -137 30 -1 0 0 0 1 0 0 0 -1 4070.DAT
1 15 -34 -137 30 -1 0 0 0 1 0 0 0 -1 4070.DAT
1 15 -34 -137 -30 1 0 0 0 1 0 0 0 1 4070.DAT
1 15 -54 -137 10 0 0 -1 0 1 0 1 0 0 4070.DAT
1 15 -54 -137 -10 0 0 -1 0 1 0 1 0 0 4070.DAT
1 15 -20 -135 0 1 0 0 0 1 0 0 0 1 Gorpilot.ldr
1 8 26 -127 -44 1 0 0 0 0 -1 0 1 0 4073.DAT
1 8 -34 -127 -44 1 0 0 0 0 -1 0 1 0 4073.DAT
1 8 -34 -127 44 1 0 0 0 0 1 0 -1 0 4073.DAT
1 8 26 -127 44 1 0 0 0 0 1 0 -1 0 4073.DAT
1 15 -74 -137 10 1 0 0 0 1 0 0 0 1 3062B.DAT
1 15 -74 -137 -10 1 0 0 0 1 0 0 0 1 3062B.DAT
1 15 26 -145 0 0 0 1 0 1 0 -1 0 0 3040B.DAT
1 15 46 -145 0 0 0 1 0 1 0 -1 0 0 3700.DAT
1 7 56 -135 0 1 0 0 0 1 0 0 0 1 4274.DAT
1 15 66 -145 0 0 0 1 0 1 0 -1 0 0 6541.DAT
1 15 86 -145 0 1 0 0 0 1 0 0 0 1 4733.DAT
1 1 -64 -145 0 1 0 0 0 1 0 0 0 1 4032.DAT
1 46 -74 -153 10 1 0 0 0 1 0 0 0 1 4073.DAT
1 46 -74 -153 -10 1 0 0 0 1 0 0 0 1 4073.DAT
1 1 -54 -153 0 0 0 -1 0 1 0 1 0 0 2540.DAT
1 8 -17 -161 0 0 0.422618 0.906308 0 0.906308 -0.422618 -1 0 0 6019.DAT
1 1 -84 -133 0 0 -1 0 0 0 1 -1 0 0 3956.DAT
1 1 -44 -161 -30 1 0 0 0 1 0 0 0 1 3937.DAT
1 1 36 -161 -30 1 0 0 0 1 0 0 0 1 3937.DAT
1 1 36 -161 30 -1 0 0 0 1 0 0 0 -1 3937.DAT
1 1 -44 -161 30 -1 0 0 0 1 0 0 0 -1 3937.DAT
1 1 -4 -151 -48 -1 0 0 0 0 1 0 1 0 Gorside.ldr
1 1 -4 -151 48 1 0 0 0 0 1 0 -1 0 Gorside.ldr
1 15 46 -153 0 0 0 1 0 1 0 -1 0 0 3069BP68.DAT
1 1 76 -153 0 1 0 0 0 1 0 0 0 1 3023.DAT
1 15 66 -161 0 0 0 1 0 1 0 -1 0 0 3070BP06.DAT
1 15 86 -161 0 1 0 0 0 1 0 0 0 1 2555.DAT
1 15 66 -135 -34 0 0 -1 -1 0 0 0 1 0 3040B.DAT
1 15 66 -135 34 0 0 -1 1 0 0 0 -1 0 3040B.DAT
1 15 120 -117 0 0 -1 0 0 0 1 -1 0 0 4286.DAT
1 8 -92 -143 -10 0 -1 0 1 0 0 0 0 1 4070.DAT
1 8 -92 -143 10 0 -1 0 -1 0 0 0 0 -1 4070.DAT
1 8 -92 -123 10 0 -1 0 0 0 -1 1 0 0 4070.DAT
1 8 -92 -123 -10 0 -1 0 0 0 -1 1 0 0 4070.DAT
1 8 -102 -93 10 -1 0 0 0 -1 0 0 0 1 3062B.DAT
1 8 -102 -93 -10 -1 0 0 0 -1 0 0 0 1 3062B.DAT
1 8 -116 -133 0 0 -1 0 1 0 0 0 0 1 3941.DAT
1 8 -140 -133 0 0 -1 0 1 0 0 0 0 1 2654.DAT
1 8 -94 -111 -30 0 1 0 -1 0 0 0 0 1 750.DAT
1 8 -94 -111 30 0 1 0 -1 0 0 0 0 1 750.DAT
1 8 -94 -111 -30 0 -1 0 1 0 0 0 0 1 755.DAT
1 8 -94 -111 30 0 -1 0 1 0 0 0 0 1 755.DAT
1 8 -102 -143 -32 1 0 0 0 0 -1 0 1 0 750.DAT
1 8 -102 -143 32 1 0 0 0 0 1 0 -1 0 750.DAT
1 8 -102 -143 -32 1 0 0 0 0 1 0 -1 0 755.DAT
1 8 -102 -143 32 1 0 0 0 0 -1 0 1 0 755.DAT
1 15 -44 -169 -20 1 0 0 0 1 0 0 0 1 2429.DAT
1 15 -44 -169 20 -1 0 0 0 1 0 0 0 -1 2430.DAT
1 15 -104 -169 -10 1 0 0 0 1 0 0 0 1 4623.DAT
1 15 -104 -169 10 -1 0 0 0 1 0 0 0 -1 4623.DAT
1 1 -114 -161 0 0 0 1 0 1 0 -1 0 0 2540.DAT
1 1 -74 -193 0 0 0 1 0 1 0 -1 0 0 3298.DAT
1 1 -54 -193 10 1 0 0 0 1 0 0 0 1 3062B.DAT
1 1 -54 -193 -10 1 0 0 0 1 0 0 0 1 3062B.DAT
1 15 -64 -201 0 1 0 0 0 1 0 0 0 1 4150.DAT
1 15 -44 -169 -20 1 0 0 0 1 0 0 0 1 GorhatchR.ldr
1 15 -44 -169 60 1 0 0 0 1 0 0 0 1 GorhatchL.ldr
1 15 60.5 -180 0 -0.258819 -0.965926 0 0.965926 -0.258819 0 0 0 1 Gorhead.ldr
1 15 -110.5 -187 -52 0 0.819152 0.573576 -1 0 0 0 -0.573576 0.819152 GorVPLr.ldr
1 15 -110.5 -187 52 0 0.819152 -0.573576 -1 0 0 0 0.573576 0.819152 GorVPLl.ldr
1 15 92 -114.5 -43.5 0.965926 -0.258819 0 0.25 0.933013 0.258819 -0.0669873 -0.25 0.965926 GorarmR.ldr
1 15 92 -114.5 43.5 0.965926 -0.258819 0 0.25 0.933013 -0.258819 0.0669873 0.25 0.965926 GorarmL.ldr
0 Hose
1 8 -102 -143 -32 0.837 0.547 -0.002 0 -0.004 -1 -0.547 0.837 -0.003 754.DAT
1 8 -103.36 -142.99 -34.08 0.831 0.556 -0.007 0 -0.012 -1 -0.556 0.831 -0.01 754.DAT
1 8 -104.803 -142.958 -36.239 0.825 0.565 -0.012 0 -0.021 -1 -0.565 0.825 -0.018 754.DAT
1 8 -106.335 -142.9 -38.476 0.818 0.575 -0.019 0 -0.033 -0.999 -0.575 0.817 -0.027 754.DAT
1 8 -107.963 -142.807 -40.79 0.809 0.587 -0.026 0 -0.045 -0.999 -0.588 0.808 -0.036 754.DAT
1 8 -109.695 -142.675 -43.175 0.799 0.6 -0.036 0 -0.059 -0.998 -0.601 0.798 -0.047 754.DAT
1 8 -111.537 -142.493 -45.623 0.787 0.615 -0.047 0 -0.076 -0.997 -0.617 0.785 -0.06 754.DAT
1 8 -113.494 -142.25 -48.122 0.773 0.632 -0.061 0 -0.096 -0.995 -0.635 0.769 -0.074 754.DAT
1 8 -115.572 -141.934 -50.651 0.755 0.651 -0.079 0 -0.12 -0.993 -0.656 0.749 -0.091 754.DAT
1 8 -117.771 -141.529 -53.182 0.733 0.673 -0.101 0 -0.149 -0.989 -0.68 0.725 -0.109 754.DAT
1 8 -120.087 -141.016 -55.676 0.704 0.698 -0.131 0 -0.184 -0.983 -0.71 0.692 -0.13 754.DAT
1 8 -122.51 -140.376 -58.079 0.667 0.726 -0.17 0 -0.228 -0.974 -0.745 0.649 -0.152 754.DAT
1 8 -125.016 -139.589 -60.322 0.617 0.755 -0.222 0 -0.282 -0.959 -0.787 0.592 -0.174 754.DAT
1 8 -127.569 -138.635 -62.323 0.548 0.784 -0.292 0 -0.349 -0.937 -0.837 0.513 -0.191 754.DAT
1 8 -130.115 -137.503 -63.989 0.45 0.807 -0.382 0 -0.428 -0.904 -0.893 0.407 -0.193 754.DAT
1 8 -132.585 -136.192 -65.234 0.309 0.813 -0.493 0 -0.518 -0.855 -0.951 0.265 -0.16 754.DAT
1 8 -134.902 -134.715 -65.988 0.109 0.788 -0.605 0 -0.609 -0.793 -0.994 0.086 -0.066 754.DAT
1 8 -136.993 -133.1 -66.217 -0.156 0.721 -0.675 0 -0.684 -0.73 -0.988 -0.114 0.107 754.DAT
1 8 -138.797 -131.389 -65.932 -0.452 0.612 -0.649 0 -0.727 -0.686 -0.892 -0.31 0.329 754.DAT
1 8 -140.28 -129.627 -65.18 -0.706 0.478 -0.522 0 -0.737 -0.676 -0.708 -0.477 0.521 754.DAT
1 8 -141.429 -127.855 -64.033 -0.871 0.34 -0.355 0 -0.722 -0.692 -0.492 -0.603 0.629 754.DAT
1 8 -142.253 -126.107 -62.574 -0.956 0.211 -0.202 0 -0.692 -0.722 -0.292 -0.69 0.662 754.DAT
1 8 -142.77 -124.408 -60.88 -0.992 0.095 -0.083 0 -0.656 -0.755 -0.126 -0.749 0.651 754.DAT
1 8 -143.007 -122.776 -59.018 -1 -0.008 0.006 0 -0.619 -0.785 0.01 -0.785 0.619 754.DAT
1 8 -142.987 -121.22 -57.044 -0.992 -0.1 0.071 0 -0.583 -0.813 0.123 -0.806 0.578 754.DAT
1 8 -142.735 -119.745 -55.003 -0.976 -0.183 0.12 0 -0.548 -0.837 0.218 -0.817 0.534 754.DAT
1 8 -142.271 -118.355 -52.93 -0.953 -0.259 0.155 0 -0.513 -0.858 0.302 -0.818 0.489 754.DAT
1 8 -141.613 -117.051 -50.85 -0.926 -0.33 0.181 0 -0.48 -0.877 0.377 -0.813 0.445 754.DAT
1 8 -140.774 -115.832 -48.787 -0.895 -0.398 0.199 0 -0.448 -0.894 0.445 -0.801 0.401 754.DAT
1 8 -139.765 -114.698 -46.758 -0.861 -0.462 0.211 0 -0.415 -0.91 0.508 -0.784 0.357 754.DAT
1 8 -138.596 -113.65 -44.777 -0.823 -0.525 0.217 0 -0.382 -0.924 0.568 -0.761 0.314 754.DAT
1 8 -137.273 -112.687 -42.859 -0.782 -0.585 0.217 0 -0.348 -0.937 0.624 -0.733 0.272 754.DAT
1 8 -135.802 -111.811 -41.015 -0.737 -0.642 0.212 0 -0.314 -0.949 0.676 -0.699 0.231 754.DAT
1 8 -134.188 -111.022 -39.257 -0.688 -0.697 0.202 0 -0.278 -0.96 0.726 -0.66 0.191 754.DAT
1 8 -132.434 -110.322 -37.596 -0.635 -0.749 0.187 0 -0.242 -0.97 0.772 -0.616 0.154 754.DAT
1 8 -130.547 -109.712 -36.044 -0.579 -0.798 0.167 0 -0.205 -0.979 0.816 -0.566 0.118 754.DAT
1 8 -128.53 -109.195 -34.613 -0.52 -0.842 0.142 0 -0.166 -0.986 0.854 -0.513 0.086 754.DAT
1 8 -126.392 -108.773 -33.312 -0.458 -0.882 0.114 0 -0.128 -0.992 0.889 -0.454 0.058 754.DAT
1 8 -124.141 -108.447 -32.153 -0.394 -0.915 0.082 0 -0.089 -0.996 0.919 -0.393 0.035 754.DAT
1 8 -121.788 -108.217 -31.144 -0.329 -0.943 0.049 0 -0.051 -0.999 0.944 -0.328 0.017 754.DAT
1 8 -119.346 -108.084 -30.294 -0.264 -0.964 0.014 0 -0.015 -1 0.965 -0.264 0.004 754.DAT
1 8 -116.831 -108.046 -29.606 -0.2 -0.98 -0.02 0 0.021 -1 0.98 -0.2 -0.004 754.DAT
1 8 -114.261 -108.1 -29.082 -0.137 -0.989 -0.053 0 0.053 -0.999 0.991 -0.137 -0.007 754.DAT
1 8 -111.656 -108.24 -28.722 -0.077 -0.994 -0.084 0 0.084 -0.996 0.997 -0.077 -0.006 754.DAT
1 8 -109.035 -108.461 -28.52 -0.02 -0.994 -0.112 0 0.112 -0.994 1 -0.02 -0.002 754.DAT
1 8 -106.419 -108.755 -28.467 0.033 -0.99 -0.137 0 0.137 -0.991 0.999 0.032 0.004 754.DAT
1 8 -103.828 -109.113 -28.552 0.082 -0.984 -0.159 0 0.159 -0.987 0.997 0.081 0.013 754.DAT
1 8 -101.277 -109.526 -28.763 0.128 -0.976 -0.177 0 0.179 -0.984 0.992 0.126 0.023 754.DAT
1 8 -98.781 -109.983 -29.085 0.169 -0.966 -0.194 0 0.197 -0.98 0.986 0.166 0.033 754.DAT
1 8 -96.352 -110.478 -29.502 0.207 -0.956 -0.208 0 0.212 -0.977 0.978 0.202 0.044 756.DAT
0 Hose
1 8 -102 -143 32 -0.837 0.547 -0.002 0 -0.004 -1 -0.547 -0.837 0.003 754.DAT
1 8 -103.36 -142.99 34.08 -0.831 0.556 -0.007 0 -0.012 -1 -0.556 -0.831 0.01 754.DAT
1 8 -104.803 -142.958 36.239 -0.825 0.565 -0.012 0 -0.021 -1 -0.565 -0.825 0.018 754.DAT
1 8 -106.335 -142.9 38.476 -0.818 0.575 -0.019 0 -0.033 -0.999 -0.575 -0.817 0.027 754.DAT
1 8 -107.963 -142.807 40.79 -0.809 0.587 -0.026 0 -0.045 -0.999 -0.588 -0.808 0.036 754.DAT
1 8 -109.695 -142.675 43.175 -0.799 0.6 -0.036 0 -0.059 -0.998 -0.601 -0.798 0.047 754.DAT
1 8 -111.537 -142.493 45.623 -0.787 0.615 -0.047 0 -0.076 -0.997 -0.617 -0.785 0.06 754.DAT
1 8 -113.494 -142.25 48.122 -0.773 0.632 -0.061 0 -0.096 -0.995 -0.635 -0.769 0.074 754.DAT
1 8 -115.572 -141.934 50.651 -0.755 0.651 -0.079 0 -0.12 -0.993 -0.656 -0.749 0.091 754.DAT
1 8 -117.771 -141.529 53.182 -0.733 0.673 -0.101 0 -0.149 -0.989 -0.68 -0.725 0.109 754.DAT
1 8 -120.087 -141.016 55.676 -0.704 0.698 -0.131 0 -0.184 -0.983 -0.71 -0.692 0.13 754.DAT
1 8 -122.51 -140.376 58.079 -0.667 0.726 -0.17 0 -0.228 -0.974 -0.745 -0.649 0.152 754.DAT
1 8 -125.016 -139.589 60.322 -0.617 0.755 -0.222 0 -0.282 -0.959 -0.787 -0.592 0.174 754.DAT
1 8 -127.569 -138.635 62.323 -0.548 0.784 -0.292 0 -0.349 -0.937 -0.837 -0.513 0.191 754.DAT
1 8 -130.115 -137.503 63.989 -0.45 0.807 -0.382 0 -0.428 -0.904 -0.893 -0.407 0.193 754.DAT
1 8 -132.585 -136.192 65.234 -0.309 0.813 -0.493 0 -0.518 -0.855 -0.951 -0.265 0.16 754.DAT
1 8 -134.902 -134.715 65.988 -0.109 0.788 -0.605 0 -0.609 -0.793 -0.994 -0.086 0.066 754.DAT
1 8 -136.993 -133.1 66.217 0.156 0.721 -0.675 0 -0.684 -0.73 -0.988 0.114 -0.107 754.DAT
1 8 -138.797 -131.389 65.932 0.452 0.612 -0.649 0 -0.727 -0.686 -0.892 0.31 -0.329 754.DAT
1 8 -140.28 -129.627 65.18 0.706 0.478 -0.522 0 -0.737 -0.676 -0.708 0.477 -0.521 754.DAT
1 8 -141.429 -127.855 64.033 0.871 0.34 -0.355 0 -0.722 -0.692 -0.492 0.603 -0.629 754.DAT
1 8 -142.253 -126.107 62.574 0.956 0.211 -0.202 0 -0.692 -0.722 -0.292 0.69 -0.662 754.DAT
1 8 -142.77 -124.408 60.88 0.992 0.095 -0.083 0 -0.656 -0.755 -0.126 0.749 -0.651 754.DAT
1 8 -143.007 -122.776 59.018 1 -0.008 0.006 0 -0.619 -0.785 0.01 0.785 -0.619 754.DAT
1 8 -142.987 -121.22 57.044 0.992 -0.1 0.071 0 -0.583 -0.813 0.123 0.806 -0.578 754.DAT
1 8 -142.735 -119.745 55.003 0.976 -0.183 0.12 0 -0.548 -0.837 0.218 0.817 -0.534 754.DAT
1 8 -142.271 -118.355 52.93 0.953 -0.259 0.155 0 -0.513 -0.858 0.302 0.818 -0.489 754.DAT
1 8 -141.613 -117.051 50.85 0.926 -0.33 0.181 0 -0.48 -0.877 0.377 0.813 -0.445 754.DAT
1 8 -140.774 -115.832 48.787 0.895 -0.398 0.199 0 -0.448 -0.894 0.445 0.801 -0.401 754.DAT
1 8 -139.765 -114.698 46.758 0.861 -0.462 0.211 0 -0.415 -0.91 0.508 0.784 -0.357 754.DAT
1 8 -138.596 -113.65 44.777 0.823 -0.525 0.217 0 -0.382 -0.924 0.568 0.761 -0.314 754.DAT
1 8 -137.273 -112.687 42.859 0.782 -0.585 0.217 0 -0.348 -0.937 0.624 0.733 -0.272 754.DAT
1 8 -135.802 -111.811 41.015 0.737 -0.642 0.212 0 -0.314 -0.949 0.676 0.699 -0.231 754.DAT
1 8 -134.188 -111.022 39.257 0.688 -0.697 0.202 0 -0.278 -0.96 0.726 0.66 -0.191 754.DAT
1 8 -132.434 -110.322 37.596 0.635 -0.749 0.187 0 -0.242 -0.97 0.772 0.616 -0.154 754.DAT
1 8 -130.547 -109.712 36.044 0.579 -0.798 0.167 0 -0.205 -0.979 0.816 0.566 -0.118 754.DAT
1 8 -128.53 -109.195 34.613 0.52 -0.842 0.142 0 -0.166 -0.986 0.854 0.513 -0.086 754.DAT
1 8 -126.392 -108.773 33.312 0.458 -0.882 0.114 0 -0.128 -0.992 0.889 0.454 -0.058 754.DAT
1 8 -124.141 -108.447 32.153 0.394 -0.915 0.082 0 -0.089 -0.996 0.919 0.393 -0.035 754.DAT
1 8 -121.788 -108.217 31.144 0.329 -0.943 0.049 0 -0.051 -0.999 0.944 0.328 -0.017 754.DAT
1 8 -119.346 -108.084 30.294 0.264 -0.964 0.014 0 -0.015 -1 0.965 0.264 -0.004 754.DAT
1 8 -116.831 -108.046 29.606 0.2 -0.98 -0.02 0 0.021 -1 0.98 0.2 0.004 754.DAT
1 8 -114.261 -108.1 29.082 0.137 -0.989 -0.053 0 0.053 -0.999 0.991 0.137 0.007 754.DAT
1 8 -111.656 -108.24 28.722 0.077 -0.994 -0.084 0 0.084 -0.996 0.997 0.077 0.006 754.DAT
1 8 -109.035 -108.461 28.52 0.02 -0.994 -0.112 0 0.112 -0.994 1 0.02 0.002 754.DAT
1 8 -106.419 -108.755 28.467 -0.033 -0.99 -0.137 0 0.137 -0.991 0.999 -0.032 -0.004 754.DAT
1 8 -103.828 -109.113 28.552 -0.082 -0.984 -0.159 0 0.159 -0.987 0.997 -0.081 -0.013 754.DAT
1 8 -101.277 -109.526 28.763 -0.128 -0.976 -0.177 0 0.179 -0.984 0.992 -0.126 -0.023 754.DAT
1 8 -98.781 -109.983 29.085 -0.169 -0.966 -0.194 0 0.197 -0.98 0.986 -0.166 -0.033 754.DAT
1 8 -96.352 -110.478 29.502 -0.207 -0.956 -0.208 0 0.212 -0.977 0.978 -0.202 -0.044 756.DAT
0
0 FILE GorarmL.ldr
0 ROTATION CENTER 0 0 0 1 "Custom" 
0 ROTATION CONFIG 0 0
1 15 0 0 0 0 0 -1 -1 0 0 0 1 0 4081B.DAT
1 8 20 14 2 0 0 -1 0 -1 0 -1 0 0 3959.DAT
1 8 44 14 2 -1 0 0 0 -1 0 0 0 1 4274.DAT
1 1 20 -20 2 0.258819 0 -0.965926 0 1 0 0.965926 0 0.258819 4735.DAT
1 1 0 0 -8 -0.258819 0 -0.965926 -0.965926 0 0.258819 0 1 0 2555.DAT
1 36 0 0 8 1 0 0 0 0 -1 0 1 0 4073.DAT
0
0 FILE GorarmR.ldr
0 ROTATION CENTER 0 0 0 1 "Custom" 
0 ROTATION CONFIG 0 0
1 15 0 0 0 0 0 -1 1 0 0 0 -1 0 4081B.DAT
1 8 20 14 -2 0 0 -1 0 -1 0 -1 0 0 3959.DAT
1 8 44 14 -2 -1 0 0 0 -1 0 0 0 1 4274.DAT
1 1 20 -20 -2 -0.258819 0 -0.965926 0 1 0 0.965926 0 -0.258819 4735.DAT
1 1 0 0 8 -0.258819 0 0.965926 -0.965926 0 -0.258819 0 -1 0 2555.DAT
1 33 0 0 -8 1 0 0 0 0 1 0 -1 0 4073.DAT
0
0 FILE GorhatchL.ldr
0 ROTATION CENTER 0 0 0 1 "Custom" 
0 ROTATION CONFIG 0 0
1 15 0 0 -40 0 0 1 0 1 0 -1 0 0 2429.DAT
1 15 50 0 -20 1 0 0 0 1 0 0 0 1 3021.DAT
1 1 20 -8 -40 1 0 0 0 1 0 0 0 1 3022.DAT
1 1 20 -8 -10 1 0 0 0 1 0 0 0 1 3794.DAT
1 1 60 -32 -30 -1 0 0 0 1 0 0 0 -1 2432.DAT
1 1 60 -8 -10 1 0 0 0 1 0 0 0 1 2412A.DAT
1 1 20 -16 -30 1 0 0 0 1 0 0 0 1 3069B.DAT
1 1 20 -16 -50 1 0 0 0 1 0 0 0 1 3023.DAT
1 1 20 -24 -50 -1 0 0 0 1 0 0 0 -1 2540.DAT
1 36 20 -16 -10 1 0 0 0 1 0 0 0 1 3070A.DAT
1 15 40 -32 -50 1 0 0 0 1 0 0 0 1 2431.DAT
0
0 FILE GorhatchR.ldr
0 ROTATION CENTER 0 0 0 1 "Custom" 
0 ROTATION CONFIG 0 0
1 15 0 0 0 0 0 1 0 1 0 -1 0 0 2430.DAT
1 15 50 0 -20 1 0 0 0 1 0 0 0 1 3021.DAT
1 1 20 -8 0 1 0 0 0 1 0 0 0 1 3022.DAT
1 1 20 -8 -30 1 0 0 0 1 0 0 0 1 3794.DAT
1 1 60 -32 -10 1 0 0 0 1 0 0 0 1 2432.DAT
1 1 60 -8 -30 1 0 0 0 1 0 0 0 1 2412A.DAT
1 1 20 -16 -10 1 0 0 0 1 0 0 0 1 3069B.DAT
1 1 20 -16 10 1 0 0 0 1 0 0 0 1 3023.DAT
1 1 20 -24 10 1 0 0 0 1 0 0 0 1 2540.DAT
1 33 20 -16 -30 1 0 0 0 1 0 0 0 1 3070A.DAT
1 15 40 -32 10 1 0 0 0 1 0 0 0 1 2431.DAT
0
0 FILE Gorhead.ldr
0 ROTATION CENTER 0 0 0 1 "Custom" 
0 ROTATION CONFIG 0 0
1 1 0 0 0 0 0 1 0 1 0 -1 0 0 4590.DAT
1 1 0 8 0 0 0 -1 0 1 0 1 0 0 2540.DAT
1 15 0 16 10 1 0 0 0 1 0 0 0 1 4073.DAT
1 15 0 16 -10 1 0 0 0 1 0 0 0 1 4073.DAT
1 15 0 -32 0 0 0 1 0 1 0 -1 0 0 2432.DAT
1 15 10 -24 -30 1 0 0 0 1 0 0 0 1 3062B.DAT
1 15 10 -24 30 1 0 0 0 1 0 0 0 1 3062B.DAT
1 36 10 -32 -30 1 0 0 0 1 0 0 0 1 4073.DAT
1 15 10 -72 30 -1 0 0 0 -1 0 0 0 1 3957.DAT
0
0 FILE GorlegA.ldr
0 ROTATION CENTER 0 0 0 1 "Custom" 
0 ROTATION CONFIG 0 0
1 8 0 0 0 0 0 1 0 1 0 -1 0 0 2880.DAT
1 15 -16 6 0 0 0 1 0 1 0 -1 0 0 2555.DAT
1 15 14 6 0 1 0 0 0 1 0 0 0 1 2412A.DAT
1 1 -16 14 0 0 0 -1 0 1 0 1 0 0 4287.DAT
1 1 -30 38 0 0.707107 0 0.707107 0 1 0 -0.707107 0 0.707107 2654.DAT
0
0 FILE GorlegB.ldr
0 ROTATION CENTER 0 0 0 1 "Custom" 
0 ROTATION CONFIG 0 0
1 8 0 0 0 1 0 0 0 1 0 0 0 1 4276.DAT
1 15 10 -8 0 1 0 0 0 1 0 0 0 1 3024.DAT
1 15 10 -24 0 1 0 0 0 1 0 0 0 1 3024.DAT
1 15 10 -16 0 0 0 -1 0 1 0 1 0 0 4081B.DAT
1 15 -10 -24 0 0 0 1 0 1 0 -1 0 0 6541.DAT
1 15 -22 -14 0 0 0 -1 1 0 0 0 -1 0 6048.DAT
1 1 30 -14 -12 1 0 0 0 0 -1 0 1 0 4073.DAT
1 1 30 -14 12 1 0 0 0 0 1 0 -1 0 4073.DAT
1 1 30 -14 -20 1 0 0 0 0 -1 0 1 0 4740.DAT
1 1 30 -14 20 1 0 0 0 0 1 0 -1 0 4740.DAT
1 1 0 -32 0 1 0 0 0 1 0 0 0 1 2431.DAT
1 1 51 25 0 0.707107 0.707107 0 0.707107 -0.707107 0 0 0 -1 GorlegA.ldr
0
0 FILE GorlegC.ldr
0 ROTATION CENTER 0 0 0 1 "Custom" 
0 ROTATION CONFIG 0 0
1 8 0 0 0 1 0 0 0 -1 0 0 0 -1 4150.DAT
1 15 0 -8 0 1 0 0 0 -1 0 0 0 -1 2444.DAT
1 15 -10 -16 0 0 0 1 0 -1 0 1 0 0 2540.DAT
1 1 -10 -24 10 1 0 0 0 -1 0 0 0 -1 4073.DAT
1 1 -10 -24 -10 1 0 0 0 -1 0 0 0 -1 4073.DAT
1 1 0 -32 0 1 0 0 0 -1 0 0 0 -1 2654.DAT
1 15 22 -18 0 0 0 1 1 0 0 0 1 0 6217.DAT
1 15 29.5 18.5 0 0.258819 -0.965926 0 0.965926 0.258819 0 0 0 1 GorlegB.ldr
0
0 FILE GorlegL.ldr
0 ROTATION CENTER 0 0 0 1 "Custom" 
0 ROTATION CONFIG 0 0
1 15 0 0 0 0 -1 0 1 0 0 0 0 1 4081B.DAT
1 8 -8 0 0 0 -1 0 1 0 0 0 0 1 4073.DAT
1 1 8 0 0 0 -1 0 1 0 0 0 0 1 2555.DAT
1 1 49 0.5 0 0.866025 0.5 0 -0.5 0.866025 0 0 0 1 GorlegC.ldr
0
0 FILE GorlegR.ldr
0 ROTATION CENTER 0 0 0 1 "Custom" 
0 ROTATION CONFIG 0 0
1 15 0 0 0 0 -1 0 -1 0 0 0 0 -1 4081B.DAT
1 8 -8 0 0 0 -1 0 1 0 0 0 0 1 4073.DAT
1 1 8 0 0 0 -1 0 1 0 0 0 0 1 2555.DAT
1 1 49 0.5 0 0.866025 0.5 0 -0.5 0.866025 0 0 0 1 GorlegC.ldr
0
0 FILE Gorpilot.ldr
0 ROTATION CENTER 0 0 0 1 "Custom" 
0 ROTATION CONFIG 0 0
1 15 0 7 0 0 -1 0 0 0 -1 1 0 0 971.DAT
1 15 0 7 0 0 -1 0 0 0 -1 1 0 0 972.DAT
1 2 5 2 0 0.707107 -0.707107 0 0.707107 0.707107 0 0 0 1 Gorpilottorso.ldr
0
0 FILE Gorpilottorso.ldr
0 ROTATION CENTER 0 0 0 1 "Custom" 
0 ROTATION CONFIG 0 0
1 1 0 -5 0 0 0 1 0 1 0 -1 0 0 970.DAT
1 15 0 -37 0 0 0 -1 0 1 0 1 0 0 973.DAT
1 15 0 -28 0 0 0 -1 0 1 0 1 0 0 975.DAT
1 15 0 -28 0 0 0 -1 0 1 0 1 0 0 976.DAT
1 8 16 -7 -22 -0.707107 -0.707107 0 -0.707107 0.707107 0 0 0 -1 977.DAT
1 8 16 -7 22 -0.707107 -0.707107 0 -0.707107 0.707107 0 0 0 -1 977.DAT
1 14 0 -61 0 0 0 -1 0 1 0 1 0 0 3626BP05.DAT
1 15 0 -62 0 0 0 -1 0 1 0 1 0 0 2446.DAT
1 33 0 -62 0 0 0 -1 0 1 0 1 0 0 2447.DAT
0
0 FILE Gorside.ldr
0 ROTATION CENTER 0 0 0 1 "Custom" 
0 ROTATION CONFIG 0 0
1 8 0 0 0 1 0 0 0 1 0 0 0 1 3666.DAT
1 1 -40 8 0 1 0 0 0 1 0 0 0 1 3938.DAT
1 1 40 8 0 1 0 0 0 1 0 0 0 1 3938.DAT
1 1 0 8 10 1 0 0 0 1 0 0 0 1 2654.DAT
1 8 0 0 20 -1 0 0 0 1 0 0 0 -1 2540.DAT
1 15 0 -24 0 -1 0 0 0 1 0 0 0 -1 3039.DAT
1 15 -30 -24 0 0 0 1 0 1 0 -1 0 0 3040B.DAT
1 15 30 -24 0 0 0 -1 0 1 0 1 0 0 3040B.DAT
1 1 -20 -32 0 1 0 0 0 1 0 0 0 1 2412A.DAT
1 1 20 -32 0 1 0 0 0 1 0 0 0 1 2412A.DAT
0
0 FILE GorVPLl.ldr
0 ROTATION CENTER 0 0 0 1 "Custom" 
0 ROTATION CONFIG 0 0
1 15 0 0 0 1 0 0 0 1 0 0 0 1 3023.DAT
1 8 -10 8 0 1 0 0 0 1 0 0 0 1 3062B.DAT
1 8 10 8 0 1 0 0 0 1 0 0 0 1 3062B.DAT
1 15 -10 -8 0 1 0 0 0 1 0 0 0 1 4081B.DAT
1 15 10 -8 0 1 0 0 0 1 0 0 0 1 3024.DAT
1 1 0 -16 0 -1 0 0 0 1 0 0 0 -1 2540.DAT
1 1 0 -48 0 -1 0 0 0 1 0 0 0 -1 2432.DAT
1 36 2 -6 -20 0 -1 0 1 0 0 0 0 1 4073.DAT
0
0 FILE GorVPLr.ldr
0 ROTATION CENTER 0 0 0 1 "Custom" 
0 ROTATION CONFIG 0 0
1 15 0 0 0 1 0 0 0 1 0 0 0 1 3023.DAT
1 8 -10 8 0 1 0 0 0 1 0 0 0 1 3062B.DAT
1 8 10 8 0 1 0 0 0 1 0 0 0 1 3062B.DAT
1 15 -10 -8 0 -1 0 0 0 1 0 0 0 -1 4081B.DAT
1 15 10 -8 0 1 0 0 0 1 0 0 0 1 3024.DAT
1 1 0 -16 0 1 0 0 0 1 0 0 0 1 2540.DAT
1 1 0 -48 0 1 0 0 0 1 0 0 0 1 2432.DAT
1 33 2 -6 20 0 -1 0 1 0 0 0 0 1 4073.DAT
0 
0
0
