0 FILE MMP.ldr
0 WRITE L-21 Mobile Multi-Role Platform (MMP)
0 WRITE Name: MMP.mpd
0 WRITE Author: Mladen Pejic
0 WRITE Website: http://www3.sympatico.ca/mladenpejic/
0 WRITE E-Mail: mladenpejic@sympatico.ca
0 ROTATION CENTER 0 0 0 1 "Custom" 
0 ROTATION CONFIG 0 0
1 0 0 0 0 1 0 0 0 1 0 0 0 1 axis20x.dat
1 7 -80 -592 0 1 0 0 0 1 0 0 0 1 2654.DAT
1 7 80 -592 0 1 0 0 0 1 0 0 0 1 2654.DAT
1 7 0 -600 0 1 0 0 0 1 0 0 0 1 3032.DAT
1 7 -80 -600 0 1 0 0 0 1 0 0 0 1 4032.DAT
1 7 80 -600 0 1 0 0 0 1 0 0 0 1 4032.DAT
1 7 0 -608 0 1 0 0 0 1 0 0 0 1 4282.DAT
1 7 -150 -616 0 0 0 -1 0 1 0 1 0 0 4856.DAT
1 7 150 -616 0 0 0 1 0 1 0 -1 0 0 4856.DAT
1 7 -50 -608 -30 1 0 0 0 1 0 0 0 1 3024.DAT
1 7 -50 -608 30 1 0 0 0 1 0 0 0 1 3024.DAT
1 7 50 -608 30 1 0 0 0 1 0 0 0 1 3024.DAT
1 7 50 -608 -30 1 0 0 0 1 0 0 0 1 3024.DAT
1 7 0 -608 -30 1 0 0 0 1 0 0 0 1 3183.DAT
1 7 0 -608 30 -1 0 0 0 1 0 0 0 -1 3183.DAT
1 7 -120 -616 0 -1 0 0 0 1 0 0 0 -1 3795.DAT
1 7 120 -616 0 -1 0 0 0 1 0 0 0 -1 3795.DAT
1 7 0 -616 0 -1 0 0 0 1 0 0 0 -1 3032.DAT
1 7 -80 -616 -30 1 0 0 0 1 0 0 0 1 30236.DAT
1 7 -80 -616 30 -1 0 0 0 1 0 0 0 -1 30236.DAT
1 7 80 -616 30 -1 0 0 0 1 0 0 0 -1 30236.DAT
1 7 80 -616 -30 1 0 0 0 1 0 0 0 1 30236.DAT
1 7 -80 -624 0 1 0 0 0 1 0 0 0 1 3035.DAT
1 7 80 -624 0 1 0 0 0 1 0 0 0 1 3035.DAT
1 7 -170 -640 0 0 0 1 0 1 0 -1 0 0 3004.DAT
1 7 170 -640 0 0 0 1 0 1 0 -1 0 0 3004.DAT
1 7 -200 -624 0 0 0 1 0 1 0 -1 0 0 4859.DAT
1 7 200 -624 0 0 0 -1 0 1 0 1 0 0 4859.DAT
1 7 0 -632 0 1 0 0 0 1 0 0 0 1 3795.DAT
1 8 0 -632 -50 0 0 1 0 1 0 -1 0 0 3021.DAT
1 8 0 -632 50 0 0 1 0 1 0 -1 0 0 3021.DAT
1 7 -40 -632 -30 1 0 0 0 1 0 0 0 1 3023.DAT
1 7 -40 -632 30 1 0 0 0 1 0 0 0 1 3023.DAT
1 7 40 -632 30 1 0 0 0 1 0 0 0 1 3023.DAT
1 7 40 -632 -30 1 0 0 0 1 0 0 0 1 3023.DAT
1 7 -100 -632 0 1 0 0 0 1 0 0 0 1 3031.DAT
1 7 100 -632 0 1 0 0 0 1 0 0 0 1 3031.DAT
1 8 -160 -632 -40 0 0 1 0 1 0 -1 0 0 2429.DAT
1 8 -160 -632 40 0 0 1 0 1 0 -1 0 0 2430.DAT
1 8 160 -632 40 0 0 -1 0 1 0 1 0 0 2429.DAT
1 8 160 -632 -40 0 0 -1 0 1 0 1 0 0 2430.DAT
1 7 -190 -632 0 0 0 -1 0 1 0 1 0 0 3069B.DAT
1 7 190 -632 0 0 0 -1 0 1 0 1 0 0 3069B.DAT
1 7 -210 -632 0 0 0 1 0 1 0 -1 0 0 2540.DAT
1 7 210 -632 0 0 0 -1 0 1 0 1 0 0 2540.DAT
1 8 0 -640 0 0 0 -1 0 1 0 1 0 0 3034.DAT
1 7 -80 -640 0 1 0 0 0 1 0 0 0 1 3032.DAT
1 7 80 -640 0 1 0 0 0 1 0 0 0 1 3032.DAT
1 8 -160 -640 -40 0 0 1 0 1 0 -1 0 0 2429.DAT
1 8 -160 -640 40 0 0 1 0 1 0 -1 0 0 2430.DAT
1 8 160 -640 40 0 0 -1 0 1 0 1 0 0 2429.DAT
1 8 160 -640 -40 0 0 -1 0 1 0 1 0 0 2430.DAT
1 7 0 -664 0 1 0 0 0 1 0 0 0 1 2456.DAT
1 7 -120 -664 0 1 0 0 0 1 0 0 0 1 2456.DAT
1 7 120 -664 0 1 0 0 0 1 0 0 0 1 2456.DAT
1 8 0 -664 -40 1 0 0 0 1 0 0 0 1 3001.DAT
1 8 0 -664 40 1 0 0 0 1 0 0 0 1 3001.DAT
1 7 -80 -664 -30 1 0 0 0 1 0 0 0 1 3701.DAT
1 7 -80 -664 30 1 0 0 0 1 0 0 0 1 3701.DAT
1 7 80 -664 30 1 0 0 0 1 0 0 0 1 3701.DAT
1 7 80 -664 -30 1 0 0 0 1 0 0 0 1 3701.DAT
1 7 -80 -654 -40 0 0 1 0 1 0 -1 0 0 4274.DAT
1 7 -80 -654 40 0 0 -1 0 1 0 1 0 0 4274.DAT
1 7 80 -654 40 0 0 -1 0 1 0 1 0 0 4274.DAT
1 7 80 -654 -40 0 0 1 0 1 0 -1 0 0 4274.DAT
1 8 -160 -664 -40 1 0 0 0 1 0 0 0 1 3830.DAT
1 8 -160 -664 40 -1 0 0 0 1 0 0 0 -1 3831.DAT
1 8 160 -664 40 -1 0 0 0 1 0 0 0 -1 3830.DAT
1 8 160 -664 -40 1 0 0 0 1 0 0 0 1 3831.DAT
1 8 0 -672 0 0 0 1 0 1 0 -1 0 0 3034.DAT
1 7 -80 -672 0 1 0 0 0 1 0 0 0 1 3032.DAT
1 7 80 -672 0 1 0 0 0 1 0 0 0 1 3032.DAT
1 8 -160 -672 -40 0 0 1 0 1 0 -1 0 0 2429.DAT
1 8 -160 -672 40 0 0 1 0 1 0 -1 0 0 2430.DAT
1 8 160 -672 40 0 0 -1 0 1 0 1 0 0 2429.DAT
1 8 160 -672 -40 0 0 -1 0 1 0 1 0 0 2430.DAT
1 7 0 -680 0 1 0 0 0 1 0 0 0 1 3795.DAT
1 8 0 -680 -50 0 0 1 0 1 0 -1 0 0 3021.DAT
1 8 0 -680 50 0 0 1 0 1 0 -1 0 0 3021.DAT
1 7 -40 -680 -30 1 0 0 0 1 0 0 0 1 3023.DAT
1 7 -40 -680 30 1 0 0 0 1 0 0 0 1 3023.DAT
1 7 40 -680 30 1 0 0 0 1 0 0 0 1 3023.DAT
1 7 40 -680 -30 1 0 0 0 1 0 0 0 1 3023.DAT
1 7 -100 -680 0 1 0 0 0 1 0 0 0 1 3031.DAT
1 7 100 -680 0 1 0 0 0 1 0 0 0 1 3031.DAT
1 8 -160 -680 -40 0 0 1 0 1 0 -1 0 0 2429.DAT
1 8 -160 -680 40 0 0 1 0 1 0 -1 0 0 2430.DAT
1 8 160 -680 40 0 0 -1 0 1 0 1 0 0 2429.DAT
1 8 160 -680 -40 0 0 -1 0 1 0 1 0 0 2430.DAT
1 7 -170 -688 0 0 0 -1 0 1 0 1 0 0 3004.DAT
1 7 170 -688 0 0 0 -1 0 1 0 1 0 0 3004.DAT
1 7 -80 -654 -56 1 0 0 0 0 -1 0 1 0 30065.DAT
1 7 -80 -654 56 1 0 0 0 0 1 0 -1 0 30065.DAT
1 7 80 -654 56 1 0 0 0 0 1 0 -1 0 30065.DAT
1 7 80 -654 -56 1 0 0 0 0 -1 0 1 0 30065.DAT
1 7 -210 -680 0 0 0 -1 0 1 0 1 0 0 3245B.DAT
1 7 210 -680 0 0 0 -1 0 1 0 1 0 0 3245B.DAT
1 7 -80 -688 0 1 0 0 0 1 0 0 0 1 3035.DAT
1 7 80 -688 0 1 0 0 0 1 0 0 0 1 3035.DAT
1 7 0 -696 0 1 0 0 0 1 0 0 0 1 3032.DAT
1 7 -100 -696 0 1 0 0 0 1 0 0 0 1 3031.DAT
1 7 100 -696 0 1 0 0 0 1 0 0 0 1 3031.DAT
1 7 -150 -696 -10 -1 0 0 0 1 0 0 0 -1 2420.DAT
1 7 -150 -696 10 0 0 -1 0 1 0 1 0 0 2420.DAT
1 7 150 -696 10 1 0 0 0 1 0 0 0 1 2420.DAT
1 7 150 -696 -10 0 0 1 0 1 0 -1 0 0 2420.DAT
1 16 0 -640 -100 0 0 1 0 1 0 -1 0 0 MMP_legjoint.ldr
1 16 0 -640 100 0 0 -1 0 1 0 1 0 0 MMP_legjoint.ldr
1 16 -202.426 -640 -82.426 -0.707107 0 0.707107 0 1 0 -0.707107 0 -0.707107 MMP_legjointL.ldr
1 16 -202.426 -640 82.426 -0.707107 0 -0.707107 0 1 0 0.707107 0 -0.707107 MMP_legjointR.ldr
1 16 202.426 -640 82.426 0.707107 0 -0.707107 0 1 0 0.707107 0 0.707107 MMP_legjointL.ldr
1 16 202.426 -640 -82.426 0.707107 0 0.707107 0 1 0 -0.707107 0 0.707107 MMP_legjointR.ldr
1 7 0 -704 0 0 0 1 0 1 0 -1 0 0 2445.DAT
1 7 -30 -704 0 0 0 1 0 1 0 -1 0 0 3710.DAT
1 7 30 -704 0 0 0 1 0 1 0 -1 0 0 3710.DAT
1 7 -100 -704 0 1 0 0 0 1 0 0 0 1 3032.DAT
1 7 100 -704 0 1 0 0 0 1 0 0 0 1 3032.DAT
1 7 -170 -704 0 0 0 1 0 1 0 -1 0 0 3023.DAT
1 7 170 -704 0 0 0 1 0 1 0 -1 0 0 3023.DAT
1 7 -210 -704 0 0 0 1 0 1 0 -1 0 0 3660.DAT
1 7 210 -704 0 0 0 -1 0 1 0 1 0 0 3660.DAT
1 7 -60 -712 -60 0 0 -1 0 1 0 1 0 0 3958.DAT
1 7 -60 -712 60 0 0 -1 0 1 0 1 0 0 3958.DAT
1 7 60 -712 60 0 0 -1 0 1 0 1 0 0 3958.DAT
1 7 60 -712 -60 0 0 -1 0 1 0 1 0 0 3958.DAT
1 7 -180 -712 -60 0 0 1 0 1 0 -1 0 0 6106.DAT
1 7 -180 -712 60 -1 0 0 0 1 0 0 0 -1 6106.DAT
1 7 180 -712 60 0 0 -1 0 1 0 1 0 0 6106.DAT
1 7 180 -712 -60 1 0 0 0 1 0 0 0 1 6106.DAT
1 7 0 -720 -70 1 0 0 0 1 0 0 0 1 4477.DAT
1 7 0 -720 70 1 0 0 0 1 0 0 0 1 4477.DAT
1 7 -130 -720 -80 1 0 0 0 1 0 0 0 1 3021.DAT
1 7 -130 -720 80 1 0 0 0 1 0 0 0 1 3021.DAT
1 7 130 -720 80 1 0 0 0 1 0 0 0 1 3021.DAT
1 7 130 -720 -80 1 0 0 0 1 0 0 0 1 3021.DAT
1 7 -80 -720 -90 1 0 0 0 1 0 0 0 1 3794.DAT
1 7 -80 -720 90 1 0 0 0 1 0 0 0 1 3794.DAT
1 7 80 -720 90 1 0 0 0 1 0 0 0 1 3794.DAT
1 7 80 -720 -90 1 0 0 0 1 0 0 0 1 3794.DAT
1 7 0 -720 -100 1 0 0 0 1 0 0 0 1 3795.DAT
1 7 0 -720 100 1 0 0 0 1 0 0 0 1 3795.DAT
1 7 -180 -720 0 1 0 0 0 1 0 0 0 1 3022.DAT
1 7 180 -720 0 1 0 0 0 1 0 0 0 1 3022.DAT
1 7 -190 -720 -70 0 0 1 0 1 0 -1 0 0 2450.DAT
1 7 -190 -720 70 -1 0 0 0 1 0 0 0 -1 2450.DAT
1 7 190 -720 70 0 0 -1 0 1 0 1 0 0 2450.DAT
1 7 190 -720 -70 1 0 0 0 1 0 0 0 1 2450.DAT
1 7 -120 -720 -110 1 0 0 0 1 0 0 0 1 6583.DAT
1 7 -120 -720 110 -1 0 0 0 1 0 0 0 -1 6583.DAT
1 7 120 -720 110 -1 0 0 0 1 0 0 0 -1 6583.DAT
1 7 120 -720 -110 1 0 0 0 1 0 0 0 1 6583.DAT
1 7 0 -728 -70 1 0 0 0 1 0 0 0 1 2412B.DAT
1 7 0 -728 70 1 0 0 0 1 0 0 0 1 2412B.DAT
1 7 -100 -728 -70 1 0 0 0 1 0 0 0 1 4162.DAT
1 7 -100 -728 70 1 0 0 0 1 0 0 0 1 4162.DAT
1 7 100 -728 70 1 0 0 0 1 0 0 0 1 4162.DAT
1 7 100 -728 -70 1 0 0 0 1 0 0 0 1 4162.DAT
1 7 0 -728 -90 1 0 0 0 1 0 0 0 1 6636.DAT
1 7 0 -728 90 1 0 0 0 1 0 0 0 1 6636.DAT
1 46 -80 -728 -90 1 0 0 0 1 0 0 0 1 4073.DAT
1 46 -80 -728 90 1 0 0 0 1 0 0 0 1 4073.DAT
1 46 80 -728 90 1 0 0 0 1 0 0 0 1 4073.DAT
1 46 80 -728 -90 1 0 0 0 1 0 0 0 1 4073.DAT
1 7 -110 -728 -90 1 0 0 0 1 0 0 0 1 3070BP06.DAT
1 7 -140 -728 -90 1 0 0 0 1 0 0 0 1 2412B.DAT
1 7 -170 -728 -90 -1 0 0 0 1 0 0 0 -1 3070BP06.DAT
1 7 -110 -728 90 1 0 0 0 1 0 0 0 1 3070BP06.DAT
1 7 -140 -728 90 1 0 0 0 1 0 0 0 1 2412B.DAT
1 7 -170 -728 90 -1 0 0 0 1 0 0 0 -1 3070BP06.DAT
1 7 170 -728 90 1 0 0 0 1 0 0 0 1 3070BP06.DAT
1 7 140 -728 90 1 0 0 0 1 0 0 0 1 2412B.DAT
1 7 110 -728 90 -1 0 0 0 1 0 0 0 -1 3070BP06.DAT
1 7 170 -728 -90 1 0 0 0 1 0 0 0 1 3070BP06.DAT
1 7 140 -728 -90 1 0 0 0 1 0 0 0 1 2412B.DAT
1 7 110 -728 -90 -1 0 0 0 1 0 0 0 -1 3070BP06.DAT
1 7 0 -728 -110 -1 0 0 0 1 0 0 0 -1 2412B.DAT
1 7 0 -728 110 -1 0 0 0 1 0 0 0 -1 2412B.DAT
1 7 -100 -728 -110 -1 0 0 0 1 0 0 0 -1 4162.DAT
1 7 -100 -728 110 -1 0 0 0 1 0 0 0 -1 4162.DAT
1 7 100 -728 110 -1 0 0 0 1 0 0 0 -1 4162.DAT
1 7 100 -728 -110 -1 0 0 0 1 0 0 0 -1 4162.DAT
1 7 -180 -728 0 1 0 0 0 1 0 0 0 1 3022.DAT
1 7 180 -728 0 1 0 0 0 1 0 0 0 1 3022.DAT
1 7 -190 -728 -50 1 0 0 0 1 0 0 0 1 3623.DAT
1 7 -190 -728 50 1 0 0 0 1 0 0 0 1 3623.DAT
1 7 190 -728 50 1 0 0 0 1 0 0 0 1 3623.DAT
1 7 190 -728 -50 1 0 0 0 1 0 0 0 1 3623.DAT
1 7 -180 -736 0 0 0 1 0 1 0 -1 0 0 3795.DAT
1 7 180 -736 0 0 0 1 0 1 0 -1 0 0 3795.DAT
1 7 -210 -736 -50 1 0 0 0 1 0 0 0 1 4081B.DAT
1 7 -210 -736 50 -1 0 0 0 1 0 0 0 -1 4081B.DAT
1 7 210 -736 50 -1 0 0 0 1 0 0 0 -1 4081B.DAT
1 7 210 -736 -50 1 0 0 0 1 0 0 0 1 4081B.DAT
1 7 -222 -734 -70 0 1 0 -1 0 0 0 0 1 4073.DAT
1 7 -222 -734 70 0 1 0 -1 0 0 0 0 1 4073.DAT
1 7 222 -734 70 0 -1 0 1 0 0 0 0 1 4073.DAT
1 7 222 -734 -70 0 -1 0 1 0 0 0 0 1 4073.DAT
1 7 -182 -734 -70 0 -1 0 1 0 0 0 0 1 3062B.DAT
1 7 -182 -734 70 0 -1 0 1 0 0 0 0 1 3062B.DAT
1 7 182 -734 70 0 1 0 -1 0 0 0 0 1 3062B.DAT
1 7 182 -734 -70 0 1 0 -1 0 0 0 0 1 3062B.DAT
1 7 0 -736 -40 1 0 0 0 1 0 0 0 1 3001.DAT
1 7 0 -736 40 1 0 0 0 1 0 0 0 1 3001.DAT
1 7 -60 -736 0 0 0 1 0 1 0 -1 0 0 2456.DAT
1 7 60 -736 0 0 0 1 0 1 0 -1 0 0 2456.DAT
1 7 -120 -736 -40 1 0 0 0 1 0 0 0 1 3001.DAT
1 7 -120 -736 40 1 0 0 0 1 0 0 0 1 3001.DAT
1 7 120 -736 40 1 0 0 0 1 0 0 0 1 3001.DAT
1 7 120 -736 -40 1 0 0 0 1 0 0 0 1 3001.DAT
1 7 -230 -736 0 0 0 1 0 1 0 -1 0 0 3747.DAT
1 7 -230 -736 -40 0 0 1 0 1 0 -1 0 0 3747.DAT
1 7 -230 -736 40 0 0 1 0 1 0 -1 0 0 3747.DAT
1 7 230 -736 0 0 0 -1 0 1 0 1 0 0 3747.DAT
1 7 230 -736 -40 0 0 -1 0 1 0 1 0 0 3747.DAT
1 7 230 -736 40 0 0 -1 0 1 0 1 0 0 3747.DAT
1 8 -60 -744 0 0 0 -1 0 1 0 1 0 0 3958.DAT
1 8 60 -744 0 0 0 -1 0 1 0 1 0 0 3958.DAT
1 8 -180 -744 0 0 0 -1 0 1 0 1 0 0 3958.DAT
1 8 180 -744 0 0 0 -1 0 1 0 1 0 0 3958.DAT
1 8 -250 -760 0 0 0 -1 0 1 0 1 0 0 3009.DAT
1 8 -270 -760 0 0 0 1 0 1 0 -1 0 0 3660.DAT
1 8 -270 -760 -40 0 0 1 0 1 0 -1 0 0 3660.DAT
1 8 -270 -760 40 0 0 1 0 1 0 -1 0 0 3660.DAT
1 0 260 -744 0 0 0 -1 0 1 0 1 0 0 3176.DAT
1 8 250 -760 -50 0 0 -1 0 1 0 1 0 0 3045.DAT
1 8 250 -760 50 1 0 0 0 1 0 0 0 1 3045.DAT
1 8 -160 -752 0 0 0 1 0 1 0 -1 0 0 3020.DAT
1 8 -60 -752 0 0 0 1 0 1 0 -1 0 0 3020.DAT
1 8 -160 -760 0 0 0 1 0 1 0 -1 0 0 3020.DAT
1 8 -60 -760 0 0 0 1 0 1 0 -1 0 0 3020.DAT
1 8 30 -752 -20 0 0 1 0 1 0 -1 0 0 3794.DAT
1 8 30 -752 20 0 0 1 0 1 0 -1 0 0 3794.DAT
1 15 50 -752 0 0 0 1 0 1 0 -1 0 0 2431.DAT
1 15 70 -752 0 0 0 1 0 1 0 -1 0 0 2431.DAT
1 14 120 -752 -10 1 0 0 0 1 0 0 0 1 2431P52.DAT
1 14 120 -752 10 1 0 0 0 1 0 0 0 1 2431P52.DAT
1 15 170 -752 0 0 0 1 0 1 0 -1 0 0 3069B.DAT
1 15 140 -752 -30 1 0 0 0 1 0 0 0 1 6636.DAT
1 15 140 -752 30 1 0 0 0 1 0 0 0 1 6636.DAT
1 8 210 -752 0 0 0 1 0 1 0 -1 0 0 2431.DAT
1 0 240 -752 0 0 0 1 0 1 0 -1 0 0 3022.DAT
1 0 270 -752 0 0 0 1 0 1 0 -1 0 0 3069B.DAT
1 0 240 -760 0 0 0 1 0 1 0 -1 0 0 3022.DAT
1 0 230 -768 0 0 0 1 0 1 0 -1 0 0 3023.DAT
1 8 -309 -774 0 0 0 1 0.707107 0.707107 0 -0.707107 0.707107 0 32187.DAT
1 1 -300 -774 0 -1 0 0 0 1 0 0 0 -1 4274.DAT
1 8 -290 -784 0 0 0 1 0 1 0 -1 0 0 3700.DAT
1 8 -290 -768 -40 0 0 1 0 1 0 -1 0 0 2540.DAT
1 8 -290 -768 40 0 0 1 0 1 0 -1 0 0 2540.DAT
1 8 -160 -768 0 1 0 0 0 1 0 0 0 1 3029.DAT
1 8 -260 -768 -50 1 0 0 0 1 0 0 0 1 3023.DAT
1 8 -260 -768 50 1 0 0 0 1 0 0 0 1 3023.DAT
1 8 -140 -768 -50 1 0 0 0 1 0 0 0 1 6111.DAT
1 8 -140 -768 50 1 0 0 0 1 0 0 0 1 6111.DAT
1 8 -20 -768 0 0 0 1 0 1 0 -1 0 0 2456.DAT
1 8 100 -768 -50 1 0 0 0 1 0 0 0 1 6111.DAT
1 8 100 -768 50 1 0 0 0 1 0 0 0 1 6111.DAT
1 8 230 -768 -50 0 0 -1 0 1 0 1 0 0 2357.DAT
1 8 230 -768 50 -1 0 0 0 1 0 0 0 -1 2357.DAT
1 1 260 -774 -10 1 0 0 0 1 0 0 0 1 4274.DAT
1 1 260 -774 10 1 0 0 0 1 0 0 0 1 4274.DAT
1 0 250 -784 0 0 0 1 0 1 0 -1 0 0 32000.DAT
1 0 268 -774 0 0 -1 0 0 0 -1 1 0 0 3069B.DAT
1 8 250 -768 -50 -1 0 0 0 1 0 0 0 -1 4081B.DAT
1 8 250 -768 50 1 0 0 0 1 0 0 0 1 4081B.DAT
1 0 270 -766 -30 0 -1 0 1 0 0 0 0 1 750.DAT
1 0 270 -766 30 0 -1 0 1 0 0 0 0 1 750.DAT
1 0 270 -766 -30 0 1 0 -1 0 0 0 0 1 755.DAT
1 0 270 -766 30 0 1 0 -1 0 0 0 0 1 755.DAT
1 0 272 -766 0 -1 0 0 0 -1 0 0 0 1 MMP_hose.ldr
1 8 -290 -776 -40 0 0 1 0 1 0 -1 0 0 3023.DAT
1 8 -290 -776 40 0 0 1 0 1 0 -1 0 0 3023.DAT
1 8 -290 -784 -40 0 0 1 0 1 0 -1 0 0 2540.DAT
1 8 -290 -784 40 0 0 1 0 1 0 -1 0 0 2540.DAT
1 8 -290 -792 0 0 0 1 0 1 0 -1 0 0 3666.DAT
1 25 -270 -776 -30 1 0 0 0 1 0 0 0 1 2420.DAT
1 25 -270 -776 30 0 0 1 0 1 0 -1 0 0 2420.DAT
1 25 -250 -776 0 0 0 1 0 1 0 -1 0 0 2412B.DAT
1 25 -230 -776 -30 1 0 0 0 1 0 0 0 1 2420.DAT
1 25 -230 -776 30 0 0 1 0 1 0 -1 0 0 2420.DAT
1 25 -210 -776 0 0 0 1 0 1 0 -1 0 0 2412B.DAT
1 25 -190 -776 -30 1 0 0 0 1 0 0 0 1 2420.DAT
1 25 -190 -776 30 0 0 1 0 1 0 -1 0 0 2420.DAT
1 25 -170 -776 0 0 0 1 0 1 0 -1 0 0 2412B.DAT
1 25 -150 -776 -30 1 0 0 0 1 0 0 0 1 2420.DAT
1 25 -150 -776 30 0 0 1 0 1 0 -1 0 0 2420.DAT
1 25 -130 -776 0 0 0 1 0 1 0 -1 0 0 2412B.DAT
1 25 -110 -776 -30 1 0 0 0 1 0 0 0 1 2420.DAT
1 25 -110 -776 30 0 0 1 0 1 0 -1 0 0 2420.DAT
1 25 -90 -776 0 0 0 1 0 1 0 -1 0 0 2412B.DAT
1 25 -70 -776 -30 1 0 0 0 1 0 0 0 1 2420.DAT
1 25 -70 -776 30 0 0 1 0 1 0 -1 0 0 2420.DAT
1 25 -50 -776 0 0 0 1 0 1 0 -1 0 0 2412B.DAT
1 8 -200 -792 -50 1 0 0 0 1 0 0 0 1 3008.DAT
1 8 -200 -792 50 1 0 0 0 1 0 0 0 1 3008.DAT
1 8 -100 -792 -50 1 0 0 0 1 0 0 0 1 3004.DAT
1 8 -100 -792 50 1 0 0 0 1 0 0 0 1 3004.DAT
1 8 -30 -792 0 0 0 1 0 1 0 -1 0 0 3010.DAT
1 8 -10 -792 -20 0 0 -1 0 1 0 1 0 0 3660.DAT
1 8 -10 -792 20 0 0 -1 0 1 0 1 0 0 3660.DAT
1 8 -20 -792 -50 1 0 0 0 1 0 0 0 1 3009.DAT
1 8 -20 -792 50 1 0 0 0 1 0 0 0 1 3009.DAT
1 8 60 -792 -50 1 0 0 0 1 0 0 0 1 3004.DAT
1 8 60 -792 50 1 0 0 0 1 0 0 0 1 3004.DAT
1 8 230 -792 -20 0 0 1 0 1 0 -1 0 0 3700.DAT
1 8 230 -792 20 0 0 1 0 1 0 -1 0 0 3700.DAT
1 1 220 -782 -20 -1 0 0 0 1 0 0 0 -1 4274.DAT
1 1 220 -782 20 -1 0 0 0 1 0 0 0 -1 4274.DAT
1 8 160 -792 -50 1 0 0 0 1 0 0 0 1 3008.DAT
1 8 160 -792 50 1 0 0 0 1 0 0 0 1 3008.DAT
1 16 290 -762 0 0.965926 0 0.258819 0 1 0 -0.258819 0 0.965926 MMP_gatlinggunmount.ldr
1 0 260 -792 0 0 0 -1 0 1 0 1 0 0 3176.DAT
1 8 250 -792 -50 0 0 -1 0 1 0 1 0 0 3676.DAT
1 8 250 -792 50 1 0 0 0 1 0 0 0 1 3676.DAT
1 8 -290 -816 0 0 0 1 0 1 0 -1 0 0 3660.DAT
1 8 -290 -800 -40 0 0 1 0 1 0 -1 0 0 2540.DAT
1 8 -290 -800 40 0 0 1 0 1 0 -1 0 0 2540.DAT
1 8 -310 -766 -60 -0.707107 0 -0.707107 -0.707107 0 0.707107 0 1 0 2335.DAT
1 8 -310 -766 20 -0.707107 0 -0.707107 -0.707107 0 0.707107 0 1 0 2335.DAT
1 8 -310 -782 -60 -0.5 0 -0.866024 -0.866024 0 0.5 0 1 0 2335.DAT
1 8 -310 -782 20 -0.5 0 -0.866024 -0.866024 0 0.5 0 1 0 2335.DAT
1 8 -310 -798 -60 -0.258819 0 -0.965926 -0.965926 0 0.258819 0 1 0 2335.DAT
1 8 -310 -798 20 -0.258819 0 -0.965926 -0.965926 0 0.258819 0 1 0 2335.DAT
1 8 -260 -816 -50 1 0 0 0 1 0 0 0 1 3004.DAT
1 8 -260 -816 50 1 0 0 0 1 0 0 0 1 3004.DAT
1 8 -200 -816 -50 1 0 0 0 1 0 0 0 1 30414.DAT
1 8 -200 -816 50 -1 0 0 0 1 0 0 0 -1 30414.DAT
1 8 -100 -816 -50 -1 0 0 0 1 0 0 0 -1 3009.DAT
1 8 -100 -816 50 -1 0 0 0 1 0 0 0 -1 3009.DAT
1 8 -190 -806 -68 1 0 0 0 0 -1 0 1 0 4162.DAT
1 8 -190 -806 68 1 0 0 0 0 1 0 -1 0 4162.DAT
1 8 -30 -816 0 0 0 1 0 1 0 -1 0 0 3009.DAT
1 8 0 -816 0 0 0 1 0 1 0 -1 0 0 3003.DAT
1 8 0 -800 -30 1 0 0 0 1 0 0 0 1 3794.DAT
1 8 0 -800 30 1 0 0 0 1 0 0 0 1 3794.DAT
1 0 0 -822 -30 -1 0 0 0 0 -1 0 -1 0 4349.DAT
1 0 0 -822 30 1 0 0 0 0 -1 0 1 0 4349.DAT
1 8 0 -800 -50 1 0 0 0 1 0 0 0 1 3023.DAT
1 8 0 -800 50 1 0 0 0 1 0 0 0 1 3023.DAT
1 8 0 -808 50 1 0 0 0 1 0 0 0 1 3023.DAT
1 8 0 -808 -50 1 0 0 0 1 0 0 0 1 3023.DAT
1 8 80 -816 -50 1 0 0 0 1 0 0 0 1 3009.DAT
1 8 80 -816 50 1 0 0 0 1 0 0 0 1 3009.DAT
1 8 180 -816 -50 1 0 0 0 1 0 0 0 1 30414.DAT
1 8 180 -816 50 -1 0 0 0 1 0 0 0 -1 30414.DAT
1 8 240 -816 0 0 0 1 0 1 0 -1 0 0 2456.DAT
1 8 270 -864 -20 0 0 -1 0 1 0 1 0 0 2362B.DAT
1 8 270 -864 20 0 0 -1 0 1 0 1 0 0 2362B.DAT
1 8 270 -816 -50 0 0 -1 0 1 0 1 0 0 4070.DAT
1 8 270 -816 50 0 0 -1 0 1 0 1 0 0 4070.DAT
1 46 284 -806 -50 0 -1 0 1 0 0 0 0 1 4073.DAT
1 46 284 -806 50 0 -1 0 1 0 0 0 0 1 4073.DAT
1 8 190 -806 -68 1 0 0 0 0 -1 0 1 0 4162.DAT
1 8 190 -806 68 1 0 0 0 0 1 0 -1 0 4162.DAT
1 8 -290 -888 0 0 0 1 0 1 0 -1 0 0 3684.DAT
1 8 -290 -872 -40 0 0 1 0 1 0 -1 0 0 2362B.DAT
1 8 -290 -872 40 0 0 1 0 1 0 -1 0 0 2362B.DAT
1 8 -250 -840 -50 1 0 0 0 1 0 0 0 1 3622.DAT
1 8 -250 -840 50 1 0 0 0 1 0 0 0 1 3622.DAT
1 8 -140 -840 -50 1 0 0 0 1 0 0 0 1 3008.DAT
1 8 -140 -840 50 1 0 0 0 1 0 0 0 1 3008.DAT
1 8 -10 -840 0 1 0 0 0 1 0 0 0 1 3002.DAT
1 8 -30 -840 -50 0 0 -1 0 1 0 1 0 0 2357.DAT
1 8 -30 -840 50 -1 0 0 0 1 0 0 0 -1 2357.DAT
1 8 0 -832 -50 -1 0 0 0 1 0 0 0 -1 3700.DAT
1 8 0 -832 50 -1 0 0 0 1 0 0 0 -1 3700.DAT
1 8 0 -840 -50 -1 0 0 0 1 0 0 0 -1 3023.DAT
1 8 0 -840 50 -1 0 0 0 1 0 0 0 -1 3023.DAT
1 8 50 -840 -50 -1 0 0 0 1 0 0 0 -1 3622.DAT
1 8 50 -840 50 -1 0 0 0 1 0 0 0 -1 3622.DAT
1 8 100 -840 -50 -1 0 0 0 1 0 0 0 -1 2877.DAT
1 8 100 -840 50 1 0 0 0 1 0 0 0 1 2877.DAT
1 8 140 -840 50 1 0 0 0 1 0 0 0 1 2877.DAT
1 8 140 -840 -50 -1 0 0 0 1 0 0 0 -1 2877.DAT
1 8 180 -840 -50 -1 0 0 0 1 0 0 0 -1 2877.DAT
1 8 180 -840 50 1 0 0 0 1 0 0 0 1 2877.DAT
1 8 240 -824 0 0 0 1 0 1 0 -1 0 0 3020.DAT
1 8 230 -832 -20 0 0 1 0 1 0 -1 0 0 3794.DAT
1 8 230 -832 20 0 0 1 0 1 0 -1 0 0 3794.DAT
1 8 250 -832 0 0 0 1 0 1 0 -1 0 0 2431.DAT
1 8 240 -840 -50 1 0 0 0 1 0 0 0 1 3010.DAT
1 8 240 -840 50 1 0 0 0 1 0 0 0 1 3010.DAT
1 8 -200 -848 -50 1 0 0 0 1 0 0 0 1 3460.DAT
1 8 -200 -848 50 1 0 0 0 1 0 0 0 1 3460.DAT
1 8 -200 -856 50 1 0 0 0 1 0 0 0 1 3460.DAT
1 8 -200 -856 -50 1 0 0 0 1 0 0 0 1 3460.DAT
1 8 -260 -864 -50 1 0 0 0 1 0 0 0 1 4175.DAT
1 8 -260 -864 50 -1 0 0 0 1 0 0 0 -1 4175.DAT
1 8 -220 -864 50 -1 0 0 0 1 0 0 0 -1 4175.DAT
1 8 -220 -864 -50 1 0 0 0 1 0 0 0 1 4175.DAT
1 8 -180 -864 -50 1 0 0 0 1 0 0 0 1 4175.DAT
1 8 -180 -864 50 -1 0 0 0 1 0 0 0 -1 4175.DAT
1 8 -140 -864 50 -1 0 0 0 1 0 0 0 -1 4175.DAT
1 8 -140 -864 -50 1 0 0 0 1 0 0 0 1 4175.DAT
1 8 -80 -864 -50 1 0 0 0 1 0 0 0 1 3010.DAT
1 8 -80 -864 50 1 0 0 0 1 0 0 0 1 3010.DAT
1 8 -30 -864 0 0 0 1 0 1 0 -1 0 0 3010.DAT
1 8 0 -848 0 0 0 1 0 1 0 -1 0 0 3022.DAT
1 8 0 -848 -30 1 0 0 0 1 0 0 0 1 3023.DAT
1 8 0 -848 30 1 0 0 0 1 0 0 0 1 3023.DAT
1 8 0 -848 -50 1 0 0 0 1 0 0 0 1 3710.DAT
1 8 0 -848 50 1 0 0 0 1 0 0 0 1 3710.DAT
1 8 -30 -856 -50 1 0 0 0 1 0 0 0 1 3024.DAT
1 8 -30 -856 50 1 0 0 0 1 0 0 0 1 3024.DAT
1 8 30 -856 50 1 0 0 0 1 0 0 0 1 3024.DAT
1 8 30 -856 -50 1 0 0 0 1 0 0 0 1 3024.DAT
1 8 0 -856 0 0 0 1 0 1 0 -1 0 0 3795.DAT
1 8 0 -864 0 0 0 1 0 1 0 -1 0 0 3022.DAT
1 8 -10 -864 -50 0 0 -1 0 1 0 1 0 0 2420.DAT
1 8 -10 -864 50 -1 0 0 0 1 0 0 0 -1 2420.DAT
1 8 10 -864 50 0 0 1 0 1 0 -1 0 0 2420.DAT
1 8 10 -864 -50 1 0 0 0 1 0 0 0 1 2420.DAT
1 8 60 -864 -50 1 0 0 0 1 0 0 0 1 3004.DAT
1 8 60 -864 50 1 0 0 0 1 0 0 0 1 3004.DAT
1 8 100 -864 -50 -1 0 0 0 1 0 0 0 -1 2877.DAT
1 8 100 -864 50 1 0 0 0 1 0 0 0 1 2877.DAT
1 8 140 -864 50 1 0 0 0 1 0 0 0 1 2877.DAT
1 8 140 -864 -50 -1 0 0 0 1 0 0 0 -1 2877.DAT
1 8 180 -864 -50 -1 0 0 0 1 0 0 0 -1 2877.DAT
1 8 180 -864 50 1 0 0 0 1 0 0 0 1 2877.DAT
1 8 240 -864 -50 1 0 0 0 1 0 0 0 1 3010.DAT
1 8 240 -864 50 1 0 0 0 1 0 0 0 1 3010.DAT
1 8 -250 -872 -50 1 0 0 0 1 0 0 0 1 3623.DAT
1 8 -250 -872 50 1 0 0 0 1 0 0 0 1 3623.DAT
1 8 -290 -880 -40 0 0 1 0 1 0 -1 0 0 2540.DAT
1 8 -290 -880 40 0 0 1 0 1 0 -1 0 0 2540.DAT
1 8 -250 -880 -50 1 0 0 0 1 0 0 0 1 3623.DAT
1 8 -250 -880 50 1 0 0 0 1 0 0 0 1 3623.DAT
1 8 -290 -888 -50 1 0 0 0 1 0 0 0 1 2420.DAT
1 8 -290 -888 50 0 0 1 0 1 0 -1 0 0 2420.DAT
1 8 -240 -888 -50 1 0 0 0 1 0 0 0 1 3023.DAT
1 8 -240 -888 50 1 0 0 0 1 0 0 0 1 3023.DAT
1 8 -180 -888 -50 1 0 0 0 1 0 0 0 1 30414.DAT
1 8 -180 -888 50 -1 0 0 0 1 0 0 0 -1 30414.DAT
1 8 -20 -888 0 0 0 1 0 1 0 -1 0 0 3001.DAT
1 8 10 -888 0 0 0 1 0 1 0 -1 0 0 3010.DAT
1 8 -60 -888 -50 1 0 0 0 1 0 0 0 1 3008.DAT
1 8 -60 -888 50 1 0 0 0 1 0 0 0 1 3008.DAT
1 8 140 -888 -50 1 0 0 0 1 0 0 0 1 6112.DAT
1 8 140 -888 50 1 0 0 0 1 0 0 0 1 6112.DAT
1 8 270 -872 0 0 0 1 0 1 0 -1 0 0 6636.DAT
1 8 -290 -896 0 0 0 1 0 1 0 -1 0 0 3666.DAT
1 8 -290 -904 0 0 0 1 0 1 0 -1 0 0 3666.DAT
1 8 -290 -912 0 0 0 1 0 1 0 -1 0 0 6636.DAT
1 8 -260 -912 -50 -1 0 0 0 1 0 0 0 -1 3937.DAT
1 8 -260 -912 50 1 0 0 0 1 0 0 0 1 3937.DAT
1 8 -220 -912 50 1 0 0 0 1 0 0 0 1 3937.DAT
1 8 -220 -912 -50 -1 0 0 0 1 0 0 0 -1 3937.DAT
1 8 -180 -912 -50 -1 0 0 0 1 0 0 0 -1 3937.DAT
1 8 -180 -912 50 1 0 0 0 1 0 0 0 1 3937.DAT
1 8 -140 -912 50 1 0 0 0 1 0 0 0 1 3937.DAT
1 8 -140 -912 -50 -1 0 0 0 1 0 0 0 -1 3937.DAT
1 8 -100 -912 -50 -1 0 0 0 1 0 0 0 -1 3937.DAT
1 8 -100 -912 50 1 0 0 0 1 0 0 0 1 3937.DAT
1 8 -60 -912 50 1 0 0 0 1 0 0 0 1 3937.DAT
1 8 -60 -912 -50 -1 0 0 0 1 0 0 0 -1 3937.DAT
1 8 -30 -896 0 0 0 1 0 1 0 -1 0 0 3023.DAT
1 8 -30 -896 -50 1 0 0 0 1 0 0 0 1 2420.DAT
1 8 -30 -896 50 0 0 1 0 1 0 -1 0 0 2420.DAT
1 8 20 -896 -50 -1 0 0 0 1 0 0 0 -1 3023.DAT
1 8 20 -896 50 -1 0 0 0 1 0 0 0 -1 3023.DAT
1 8 -30 -904 0 0 0 1 0 1 0 -1 0 0 3666.DAT
1 8 10 -904 -50 1 0 0 0 1 0 0 0 1 3623.DAT
1 8 10 -904 50 1 0 0 0 1 0 0 0 1 3623.DAT
1 8 -30 -912 0 0 0 1 0 1 0 -1 0 0 2431.DAT
1 8 -20 -936 -50 1 0 0 0 1 0 0 0 1 2432.DAT
1 8 -20 -936 50 -1 0 0 0 1 0 0 0 -1 2432.DAT
1 8 20 -936 50 -1 0 0 0 1 0 0 0 -1 2432.DAT
1 8 20 -936 -50 1 0 0 0 1 0 0 0 1 2432.DAT
1 8 0 -912 0 0 0 1 0 1 0 -1 0 0 3001.DAT
1 8 50 -912 -50 1 0 0 0 1 0 0 0 1 4070.DAT
1 8 50 -912 50 -1 0 0 0 1 0 0 0 -1 4070.DAT
1 8 160 -896 -50 -1 0 0 0 1 0 0 0 -1 4477.DAT
1 8 160 -896 50 -1 0 0 0 1 0 0 0 -1 4477.DAT
1 8 160 -904 50 -1 0 0 0 1 0 0 0 -1 4477.DAT
1 8 160 -904 -50 -1 0 0 0 1 0 0 0 -1 4477.DAT
1 8 100 -912 -50 1 0 0 0 1 0 0 0 1 4625.DAT
1 8 100 -912 50 -1 0 0 0 1 0 0 0 -1 4625.DAT
1 8 180 -912 50 -1 0 0 0 1 0 0 0 -1 4625.DAT
1 8 180 -912 -50 1 0 0 0 1 0 0 0 1 4625.DAT
1 8 240 -912 -50 1 0 0 0 1 0 0 0 1 2412B.DAT
1 8 240 -912 50 1 0 0 0 1 0 0 0 1 2412B.DAT
1 16 -290.61 -823.778 -40 0.766044 0.642788 0 -0.642788 0.766044 0 0 0 1 MMP_antenna.ldr
1 16 -290.61 -823.778 40 0.766044 0.642788 0 -0.642788 0.766044 0 0 0 1 MMP_antenna.ldr
1 16 -210 -878 -68 0 0 1 0 1 0 -1 0 0 MMP_mortarsuiteR.ldr
1 16 -210 -878 68 0 0 -1 0 1 0 1 0 0 MMP_mortarsuiteL.ldr
1 16 -260 -788 -20 1 0 0 0 1 0 0 0 1 MMP_missilelong.ldr
1 16 -260 -788 20 1 0 0 0 1 0 0 0 1 MMP_missilelong.ldr
1 16 -220 -788 20 1 0 0 0 1 0 0 0 1 MMP_missilelong.ldr
1 16 -220 -788 -20 1 0 0 0 1 0 0 0 1 MMP_missilelong.ldr
1 16 -180 -788 -20 1 0 0 0 1 0 0 0 1 MMP_missilelong.ldr
1 16 -180 -788 20 1 0 0 0 1 0 0 0 1 MMP_missilelong.ldr
1 16 -140 -788 20 1 0 0 0 1 0 0 0 1 MMP_missilelong.ldr
1 16 -140 -788 -20 1 0 0 0 1 0 0 0 1 MMP_missilelong.ldr
1 16 -100 -788 -20 1 0 0 0 1 0 0 0 1 MMP_missilelong.ldr
1 16 -100 -788 20 1 0 0 0 1 0 0 0 1 MMP_missilelong.ldr
1 16 -60 -788 20 1 0 0 0 1 0 0 0 1 MMP_missilelong.ldr
1 16 -60 -788 -20 1 0 0 0 1 0 0 0 1 MMP_missilelong.ldr
1 16 -260 -902 -40 1 0 0 0 0 1 0 -1 0 MMP_missilecover.ldr
1 16 -260 -902 40 -1 0 0 0 0 1 0 1 0 MMP_missilecover.ldr
1 16 -220 -902 40 -1 0 0 0 0 1 0 1 0 MMP_missilecover.ldr
1 16 -220 -902 -40 1 0 0 0 0 1 0 -1 0 MMP_missilecover.ldr
1 16 -180 -902 -40 1 0 0 0 0 1 0 -1 0 MMP_missilecover.ldr
1 16 -180 -902 40 -1 0 0 0 0 1 0 1 0 MMP_missilecover.ldr
1 16 -140 -902 40 -1 0 0 0 0 1 0 1 0 MMP_missilecover.ldr
1 16 -140 -902 -40 1 0 0 0 0 1 0 -1 0 MMP_missilecover.ldr
1 16 -100 -902 -40 1 0 0 0 0 1 0 -1 0 MMP_missilecover.ldr
1 16 -100 -902 40 -1 0 0 0 0 1 0 1 0 MMP_missilecover.ldr
1 16 -60 -902 40 -1 0 0 0 0 1 0 1 0 MMP_missilecover.ldr
1 16 -60 -902 -40 1 0 0 0 0 1 0 -1 0 MMP_missilecover.ldr
1 16 12 -832 0 1 0 0 0 1 0 0 0 1 MMP_cockpit.ldr
1 0 0 -952 0 0 -1 0 1 0 0 0 0 1 3705.DAT
1 15 0 -936 0 1 0 0 0 1 0 0 0 1 3941.DAT
1 8 -10 -936 -10 0 0 1 0 1 0 -1 0 0 3063.DAT
1 8 -10 -936 10 -1 0 0 0 1 0 0 0 -1 3063.DAT
1 8 10 -936 10 0 0 -1 0 1 0 1 0 0 3063.DAT
1 8 10 -936 -10 1 0 0 0 1 0 0 0 1 3063.DAT
1 19 0 -996 0 1 0 0 0 1 0 0 0 1 3960.DAT
1 16 0 -970 0 0.965926 0 -0.258819 0 1 0 0.258819 0 0.965926 MMP_headoptics.ldr
1 8 100 -920 -20 -1 0 0 0 1 0 0 0 -1 2873.DAT
1 8 100 -920 20 1 0 0 0 1 0 0 0 1 2873.DAT
1 8 180 -920 20 1 0 0 0 1 0 0 0 1 2873.DAT
1 8 180 -920 -20 -1 0 0 0 1 0 0 0 -1 2873.DAT
1 16 0 -822 -84 0.996195 0 -0.087156 -0.087156 0 -0.996195 0 1 0 MMP_railgunR.ldr
1 16 0 -822 84 0.996195 0 0.087156 -0.087156 0 0.996195 0 -1 0 MMP_railgunL.ldr
0
0 FILE MMP_antenna.ldr
0 ROTATION CENTER 0 0 0 1 "Custom" 
0 ROTATION CONFIG 0 0
1 15 0 0 0 0 0 -1 0 -1 0 -1 0 0 4592.DAT
1 15 0 -8 0 0 -1 0 1 0 0 0 0 1 4274.DAT
1 15 0 -28 0 0 1 0 -1 0 0 0 0 1 75535.DAT
1 15 0 -48 0 0 1 0 -1 0 0 0 0 1 4274.DAT
1 15 0 -56 0 0 0 -1 0 1 0 1 0 0 6019.DAT
1 19 0 -64 0 1 0 0 0 1 0 0 0 1 4073.DAT
1 19 0 -72 0 1 0 0 0 1 0 0 0 1 2569.DAT
0
0 FILE MMP_autocannon.ldr
0 ROTATION CENTER 0 0 0 1 "Custom" 
0 ROTATION CONFIG 0 0
1 0 0 0 0 1 0 0 0 1 0 0 0 1 6536.DAT
1 0 10 0 0 1 0 0 0 1 0 0 0 1 32062.DAT
1 0 30 0 0 0 0 1 0 1 0 -1 0 0 6538B.DAT
1 0 50 0 0 1 0 0 0 1 0 0 0 1 32062.DAT
1 0 70 0 0 0 0 1 0 1 0 -1 0 0 6538B.DAT
1 0 90 0 0 1 0 0 0 1 0 0 0 1 32062.DAT
1 0 110 0 0 0 0 1 0 1 0 -1 0 0 6538B.DAT
1 0 130 0 0 1 0 0 0 1 0 0 0 1 32062.DAT
1 0 150 0 0 0 0 1 0 1 0 -1 0 0 6538B.DAT
1 0 170 0 0 1 0 0 0 1 0 0 0 1 32062.DAT
1 0 190 0 0 0 0 1 0 1 0 -1 0 0 6538B.DAT
1 0 210 0 0 1 0 0 0 1 0 0 0 1 32062.DAT
1 0 230 0 0 0 0 1 0 1 0 -1 0 0 6538B.DAT
1 0 250 0 0 1 0 0 0 1 0 0 0 1 32062.DAT
1 0 280 0 0 1 0 0 0 0 -1 0 1 0 32054.DAT
0
0 FILE MMP_autocannonjointL.ldr
0 ROTATION CENTER 0 0 0 1 "Custom" 
0 ROTATION CONFIG 0 0
1 1 0 0 0 0 -1 0 1 0 0 0 0 1 3749.DAT
1 0 0 30 0 0 -1 0 0 0 1 -1 0 0 32013.DAT
1 0 0 30 10 0 -1 0 0 0 1 -1 0 0 2780.DAT
1 16 5.176 10.681 20 0.965926 -0.258819 0 0.258819 0.965926 0 0 0 1 MMP_autocannon.ldr
0
0 FILE MMP_autocannonjointR.ldr
0 ROTATION CENTER 0 0 0 1 "Custom" 
0 ROTATION CONFIG 0 0
1 1 0 0 0 0 -1 0 1 0 0 0 0 1 3749.DAT
1 0 0 30 0 0 -1 0 0 0 1 -1 0 0 32013.DAT
1 0 0 30 -10 0 -1 0 0 0 1 -1 0 0 2780.DAT
1 16 5.176 10.681 -20 0.965926 -0.258819 0 0.258819 0.965926 0 0 0 1 MMP_autocannon.ldr
0
0 FILE MMP_cockpit.ldr
0 ROTATION CENTER 0 0 0 1 "Custom" 
0 ROTATION CONFIG 0 0
1 8 0 70 0 0 1 0 0 0 -1 -1 0 0 2431.DAT
1 8 8 70 -20 0 1 0 0 0 -1 -1 0 0 3700.DAT
1 8 8 70 20 0 1 0 0 0 -1 -1 0 0 3700.DAT
1 8 8 -70 -20 0 1 0 0 0 -1 -1 0 0 4865.DAT
1 8 8 -70 20 0 1 0 0 0 -1 -1 0 0 4865.DAT
1 8 32 0 0 0 1 0 -1 0 0 0 0 1 3035.DAT
1 15 40 70 0 0 1 0 0 0 -1 -1 0 0 3023.DAT
1 7 48 40 -10 0 -1 0 -1 0 0 0 0 -1 4276.DAT
1 7 48 40 10 0 -1 0 -1 0 0 0 0 -1 4276.DAT
1 7 40 -20 -10 0 1 0 1 0 0 0 0 -1 4275.DAT
1 7 40 -20 10 0 1 0 1 0 0 0 0 -1 4275.DAT
1 8 40 -60 0 0 1 0 0 0 1 1 0 0 3020.DAT
1 15 48 70 -10 0 1 0 0 0 -1 -1 0 0 4073.DAT
1 15 48 70 10 0 1 0 0 0 -1 -1 0 0 4073.DAT
1 15 56 50 0 0 -1 0 0 0 1 -1 0 0 3069B.DAT
1 15 56 -20 -10 0 -1 0 1 0 0 0 0 1 6636.DAT
1 15 56 -20 10 0 -1 0 1 0 0 0 0 1 6636.DAT
1 15 40 20 -30 0 1 0 -1 0 0 0 0 1 3009.DAT
1 15 40 20 30 0 1 0 -1 0 0 0 0 1 3009.DAT
1 15 48 -60 -30 0 1 0 -1 0 0 0 0 1 3023.DAT
1 15 48 -60 30 0 1 0 -1 0 0 0 0 1 3023.DAT
1 15 56 -60 30 0 1 0 -1 0 0 0 0 1 3023.DAT
1 15 56 -60 -30 0 1 0 -1 0 0 0 0 1 3023.DAT
1 15 64 40 -30 0 1 0 1 0 0 0 0 -1 2653.DAT
1 15 64 40 30 0 1 0 -1 0 0 0 0 1 2653.DAT
1 15 64 -40 30 0 1 0 -1 0 0 0 0 1 2653.DAT
1 15 64 -40 -30 0 1 0 1 0 0 0 0 -1 2653.DAT
1 16 64 0 0 1 0 0 0 1 0 0 0 1 MMP_cockpitseat.ldr
1 36 136 70 0 0 1 0 0 0 1 1 0 0 4073.DAT
1 15 144 70 0 0 1 0 0 0 1 1 0 0 3794.DAT
1 15 162 60 -10 0 1 0 -1 0 0 0 0 1 4274.DAT
1 15 162 60 10 0 1 0 -1 0 0 0 0 1 4274.DAT
1 15 152 70 0 0 1 0 0 0 1 1 0 0 32000.DAT
1 15 88 40 -30 0 1 0 1 0 0 0 0 -1 4215A.DAT
1 15 88 40 30 0 1 0 -1 0 0 0 0 1 4215A.DAT
1 15 88 -40 30 0 1 0 -1 0 0 0 0 1 4215A.DAT
1 15 88 -40 -30 0 1 0 1 0 0 0 0 -1 4215A.DAT
1 15 176 70 0 0 1 0 0 0 1 1 0 0 3023.DAT
1 15 160 0 -30 0 1 0 1 0 0 0 0 -1 3008.DAT
1 15 160 0 30 0 1 0 1 0 0 0 0 -1 3008.DAT
1 15 184 70 0 0 1 0 0 0 1 1 0 0 3710.DAT
1 15 184 0 -30 0 1 0 -1 0 0 0 0 1 3666.DAT
1 15 184 0 30 0 1 0 -1 0 0 0 0 1 3666.DAT
1 16 172 52 0 1 0 0 0 1 0 0 0 1 MMP_computer.ldr
1 15 152 -70 0 0 1 0 0 0 -1 -1 0 0 2432.DAT
1 15 192 40 0 0 1 0 0 0 1 1 0 0 6179.DAT
1 15 192 -10 -30 0 1 0 0 0 1 1 0 0 3024.DAT
1 15 192 -10 30 0 1 0 0 0 1 1 0 0 3024.DAT
1 15 200 50 0 0 1 0 0 0 1 1 0 0 3710.DAT
1 15 200 0 0 0 1 0 0 0 1 1 0 0 3020.DAT
1 15 192 -30 -30 0 1 0 0 0 1 1 0 0 4070.DAT
1 15 192 -30 30 0 1 0 0 0 1 1 0 0 4070.DAT
1 15 184 -70 -20 0 1 0 0 0 1 1 0 0 2877.DAT
1 15 184 -70 20 0 1 0 0 0 1 1 0 0 2877.DAT
1 8 184 -60 -80 0 1 0 0 0 1 1 0 0 30165.DAT
1 8 184 -60 80 0 1 0 0 0 1 1 0 0 30165.DAT
1 8 208 -10 -20 0 1 0 0 0 1 1 0 0 3700.DAT
1 8 208 -10 20 0 1 0 0 0 1 1 0 0 3700.DAT
1 8 216 -30 0 0 1 0 0 0 1 1 0 0 3710.DAT
1 8 224 -30 0 0 1 0 0 0 1 1 0 0 3710.DAT
1 8 208 -70 0 0 1 0 0 0 1 1 0 0 3010.DAT
1 8 208 -50 -80 0 1 0 0 0 1 1 0 0 3700.DAT
1 8 208 -50 80 0 1 0 0 0 1 1 0 0 3700.DAT
1 16 218 -40 -80 0.965926 0 0.258819 0 1 0 -0.258819 0 0.965926 MMP_autocannonjointR.ldr
1 16 218 -40 80 0.965926 0 -0.258819 0 1 0 0.258819 0 0.965926 MMP_autocannonjointL.ldr
1 8 208 -70 -80 0 1 0 0 0 1 1 0 0 3004.DAT
1 8 208 -70 80 0 1 0 0 0 1 1 0 0 3004.DAT
1 8 232 -40 0 0 1 0 0 0 1 1 0 0 3031.DAT
1 8 240 -50 0 0 1 0 0 0 1 1 0 0 3710.DAT
1 8 240 -70 0 0 1 0 0 0 1 1 0 0 3023.DAT
1 8 240 -70 -30 0 1 0 0 0 1 1 0 0 4081B.DAT
1 8 240 -70 30 0 1 0 0 0 1 1 0 0 4081B.DAT
1 8 242 -90 -40 1 0 0 0 0 -1 0 1 0 30374.DAT
1 8 248 -60 0 0 1 0 0 0 -1 -1 0 0 3020.DAT
1 36 248 -60 -50 0 1 0 -1 0 0 0 0 1 3069B.DAT
1 36 248 -60 50 0 1 0 -1 0 0 0 0 1 3069B.DAT
1 8 232 -60 -70 0 1 0 -1 0 0 0 0 1 3004.DAT
1 8 232 -60 70 0 1 0 -1 0 0 0 0 1 3004.DAT
1 8 232 -60 -90 0 1 0 -1 0 0 0 0 1 30363.DAT
1 8 232 -60 90 0 1 0 1 0 0 0 0 -1 30363.DAT
1 8 256 -60 0 0 1 0 0 0 1 1 0 0 4282.DAT
1 8 284 -48 0 0 0 1 0 1 0 -1 0 0 3020.DAT
1 8 284 -56 0 0 0 1 0 1 0 -1 0 0 3020.DAT
1 8 274 -40 -70 1 0 0 0 1 0 0 0 1 4073.DAT
1 8 274 -40 70 1 0 0 0 1 0 0 0 1 4073.DAT
1 8 274 -40 90 1 0 0 0 1 0 0 0 1 4073.DAT
1 8 274 -40 -90 1 0 0 0 1 0 0 0 1 4073.DAT
1 8 274 -40 -110 1 0 0 0 1 0 0 0 1 4073.DAT
1 8 274 -40 110 1 0 0 0 1 0 0 0 1 4073.DAT
1 8 264 -50 -50 0 1 0 0 0 1 1 0 0 4070.DAT
1 8 264 -50 50 0 1 0 0 0 1 1 0 0 4070.DAT
1 8 264 -50 70 0 1 0 0 0 1 1 0 0 4070.DAT
1 8 264 -50 -70 0 1 0 0 0 1 1 0 0 4070.DAT
1 8 264 -50 -90 0 1 0 0 0 1 1 0 0 4070.DAT
1 8 264 -50 90 0 1 0 0 0 1 1 0 0 4070.DAT
1 8 264 -50 110 0 1 0 0 0 1 1 0 0 4070.DAT
1 8 264 -50 -110 0 1 0 0 0 1 1 0 0 4070.DAT
1 8 274 -64 0 0 0 1 0 1 0 -1 0 0 3460.DAT
1 8 274 -64 -120 0 0 1 0 1 0 -1 0 0 3710.DAT
1 8 274 -64 120 0 0 1 0 1 0 -1 0 0 3710.DAT
1 8 324 -26 0 0 -1 0 1 0 0 0 0 1 6587.DAT
1 15 324 -56 0 0 0 1 0 1 0 -1 0 0 3941.DAT
1 19 324 20 0 -1 0 0 0 -1 0 0 0 1 3960.DAT
1 16 324 -6 0 0.965926 0 -0.258819 0 -1 0 -0.258819 0 -0.965926 MMP_headoptics.ldr
1 8 328 -46 -40 0 -1 0 0 0 1 -1 0 0 3004.DAT
1 8 328 -46 40 0 -1 0 0 0 1 -1 0 0 3004.DAT
1 8 328 -46 -90 0 -1 0 0 0 1 -1 0 0 3622.DAT
1 8 328 -46 90 0 -1 0 0 0 1 -1 0 0 3622.DAT
1 8 352 -46 0 0 -1 0 0 0 1 -1 0 0 3023.DAT
1 8 352 -46 -50 0 -1 0 0 0 1 -1 0 0 3622.DAT
1 8 352 -46 50 0 -1 0 0 0 1 -1 0 0 3622.DAT
1 8 352 -46 -100 0 -1 0 0 0 1 -1 0 0 3004.DAT
1 8 352 -46 100 0 -1 0 0 0 1 -1 0 0 3004.DAT
1 8 304 -46 -128 1 0 0 0 0 -1 0 1 0 3710.DAT
1 8 304 -46 128 1 0 0 0 0 1 0 -1 0 3710.DAT
1 8 304 -46 136 1 0 0 0 0 1 0 -1 0 3710.DAT
1 8 304 -46 -136 1 0 0 0 0 -1 0 1 0 3710.DAT
1 8 304 -46 -160 -1 0 0 0 0 1 0 1 0 30414.DAT
1 8 304 -46 160 1 0 0 0 0 1 0 -1 0 30414.DAT
1 8 352 -46 -140 0 -1 0 0 0 1 -1 0 0 3023.DAT
1 8 352 -46 140 0 -1 0 0 0 1 -1 0 0 3023.DAT
1 8 360 -46 -80 0 -1 0 0 0 1 -1 0 0 3460.DAT
1 8 360 -46 80 0 -1 0 0 0 1 -1 0 0 3460.DAT
1 8 384 -46 0 0 -1 0 0 0 1 -1 0 0 30414.DAT
1 8 384 -46 -60 0 -1 0 0 0 -1 1 0 0 2877.DAT
1 8 384 -46 60 0 -1 0 0 0 -1 1 0 0 2877.DAT
1 8 384 -46 -120 0 -1 0 0 0 1 -1 0 0 30414.DAT
1 8 384 -46 120 0 -1 0 0 0 1 -1 0 0 30414.DAT
1 8 324 -46 -168 1 0 0 0 0 -1 0 1 0 6636.DAT
1 8 324 -46 168 1 0 0 0 0 1 0 -1 0 6636.DAT
1 8 392 -46 -80 0 -1 0 0 0 1 -1 0 0 4162.DAT
1 8 392 -46 80 0 -1 0 0 0 1 -1 0 0 4162.DAT
1 8 324 -80 -80 0 0 -1 0 1 0 1 0 0 4515.DAT
1 8 324 -80 80 0 0 -1 0 1 0 1 0 0 4515.DAT
0
0 FILE MMP_cockpitseat.ldr
0 ROTATION CENTER 0 0 0 1 "Custom" 
0 ROTATION CONFIG 0 0
1 15 0 0 0 0 -1 0 1 0 0 0 0 1 2654.DAT
1 15 8 40 0 0 -1 0 1 0 0 0 0 1 3020.DAT
1 15 8 -10 0 0 -1 0 0 0 1 -1 0 0 48336.dat
1 15 16 60 -10 0 -1 0 1 0 0 0 0 1 32028.DAT
1 15 16 60 10 0 -1 0 -1 0 0 0 0 -1 32028.DAT
1 15 16 30 0 0 -1 0 0 0 1 -1 0 0 3023.DAT
1 15 16 0 0 0 -1 0 0 0 1 -1 0 0 3068B.DAT
1 15 24 60 0 0 -1 0 0 0 1 -1 0 0 3956.DAT
1 15 44 64 0 1 0 0 0 1 0 0 0 1 2654.DAT
1 15 44 40 0 1 0 0 0 1 0 0 0 1 3941.DAT
1 15 44 24 0 0 0 -1 0 1 0 1 0 0 4079.DAT
0
0 FILE MMP_computer.ldr
0 ROTATION CENTER 0 0 0 1 "Custom" 
0 ROTATION CONFIG 0 0
1 15 0 0 0 1 0 0 0 1 0 0 0 1 3022.DAT
1 15 0 -24 0 1 0 0 0 1 0 0 0 1 3003.DAT
1 15 10 -48 0 0 0 1 0 1 0 -1 0 0 3004.DAT
1 15 -10 -48 0 0 0 1 0 1 0 -1 0 0 3660.DAT
1 15 0 -56 0 0 0 1 0 1 0 -1 0 0 3022.DAT
1 15 -30 -56 0 0 0 1 0 1 0 -1 0 0 3069BP80.DAT
0 WRITE Next Part Should Be 3039px5
1 15 10 -80 0 0 0 1 0 1 0 -1 0 0 3039P23.DAT
1 15 10 -104 0 0 0 1 0 1 0 -1 0 0 3004PC0.DAT
1 15 30 -96 0 0 0 1 0 1 0 -1 0 0 3710.DAT
1 15 30 -104 0 0 0 1 0 1 0 -1 0 0 3710.DAT
1 15 20 -112 0 0 0 1 0 1 0 -1 0 0 3068B.DAT
0
0 FILE MMP_gatlinggun.ldr
0 ROTATION CENTER 0 0 0 1 "Custom" 
0 ROTATION CONFIG 0 0
1 0 8 0 0 0 1 0 -1 0 0 0 0 1 4740.DAT
1 0 16 0 0 0 1 0 -1 0 0 0 0 1 4733.DAT
1 0 52 0 0 0 -1 0 1 0 0 0 0 1 4593.DAT
1 0 66 0 0 0 -1 0 1 0 0 0 0 1 4733.DAT
1 0 86 6 0 0 0 -1 0 -1 0 -1 0 0 30162.DAT
1 0 86 -6 0 0 0 -1 0 1 0 1 0 0 30162.DAT
1 0 56 -18 0 1 0 0 0 1 0 0 0 1 2431.DAT
1 0 56 18 0 1 0 0 0 -1 0 0 0 -1 2431.DAT
1 0 56 0 -18 1 0 0 0 0 -1 0 1 0 2431.DAT
1 0 56 0 18 1 0 0 0 0 1 0 -1 0 2431.DAT
1 0 218 -6 -6 0 1 0 -1 0 0 0 0 1 4095.DAT
1 0 218 -6 6 0 1 0 -1 0 0 0 0 1 4095.DAT
1 0 218 6 6 0 1 0 -1 0 0 0 0 1 4095.DAT
1 0 218 6 -6 0 1 0 -1 0 0 0 0 1 4095.DAT
0
0 FILE MMP_gatlinggunhinge.ldr
0 ROTATION CENTER 0 0 0 1 "Custom" 
0 ROTATION CONFIG 0 0
1 0 0 0 0 0 1 0 -1 0 0 0 0 1 2555.DAT
1 16 0 0 0 1 0 0 0 0.707107 -0.707107 0 0.707107 0.707107 MMP_gatlinggun.ldr
0
0 FILE MMP_gatlinggunmount.ldr
0 ROTATION CENTER 0 0 0 1 "Custom" 
0 ROTATION CONFIG 0 0
1 0 0 0 0 0 -1 0 1 0 0 0 0 1 4519.DAT
1 0 0 2 0 -1 0 0 0 -1 0 0 0 1 3941.DAT
1 0 20 40 0 0 -1 0 0 0 -1 1 0 0 2540.DAT
1 0 20 20 0 0 -1 0 0 0 -1 1 0 0 3839B.DAT
1 0 0 10 0 0 0 -1 0 -1 0 -1 0 0 3956.DAT
1 0 36 40 0 0 -1 0 0 0 -1 1 0 0 2412B.DAT
1 0 76 20 0 0 -1 0 0 0 -1 1 0 0 6187.DAT
1 0 28 60 -22 0 -1 0 -1 0 0 0 0 -1 4070.DAT
1 0 28 60 22 0 -1 0 1 0 0 0 0 1 4070.DAT
1 0 18 60 -32 1 0 0 0 0 1 0 -1 0 4073.DAT
1 0 18 60 32 1 0 0 0 0 -1 0 1 0 4073.DAT
1 0 4 60 -22 0 -1 0 1 0 0 0 0 1 3626B.DAT
1 0 4 60 22 0 -1 0 1 0 0 0 0 1 3626B.DAT
1 16 23.796 61.553 0 0.965926 -0.258819 0 0.258819 0.965926 0 0 0 1 MMP_gatlinggunhinge.ldr
0
0 FILE MMP_headoptics.ldr
0 ROTATION CENTER 0 0 0 1 "Custom" 
0 ROTATION CONFIG 0 0
1 15 0 20 -10 1 0 0 0 0 1 0 -1 0 41531.dat
1 19 40 10 0 0 1 0 -1 0 0 0 0 1 3794.DAT
1 32 48 10 0 0 1 0 -1 0 0 0 0 1 3023.DAT
0
0 FILE MMP_hose.ldr
0 ROTATION CENTER 0 0 0 1 "Custom" 
0 ROTATION CONFIG 0 0
1 16 -2.66688 0 -30.1478 -0.0319975 -0.999488 -6.1199e-017 0 6.12303e-017 -1 0.999488 -0.0319975 -1.95922e-018 754.DAT
1 16 -5.38125 0 -30.2347 -0.00694792 -0.999976 -6.12288e-017 0 6.12303e-017 -1 0.999976 -0.00694792 -4.25423e-019 754.DAT
1 16 -8.13971 0 -30.2539 -0.0199541 0.999801 6.12181e-017 0 6.12303e-017 -1 -0.999801 -0.0199541 -1.22179e-018 754.DAT
1 16 -10.938 0 -30.198 -0.0488714 0.998805 6.11572e-017 0 6.12303e-017 -1 -0.998805 -0.0488714 -2.99241e-018 754.DAT
1 16 -13.7709 0 -30.0594 -0.079978 0.996797 6.10342e-017 0 6.12303e-017 -1 -0.996797 -0.079978 -4.89708e-018 754.DAT
1 16 -16.6319 0 -29.8299 -0.113457 0.993543 6.08349e-017 0 6.12303e-017 -1 -0.993543 -0.113457 -6.94702e-018 754.DAT
1 16 -19.5136 0 -29.5008 -0.149499 0.988762 6.05422e-017 0 6.12303e-017 -1 -0.988762 -0.149499 -9.15387e-018 754.DAT
1 16 -22.4068 0 -29.0634 -0.188295 0.982113 6.01351e-017 0 6.12303e-017 -1 -0.982113 -0.188295 -1.15293e-017 754.DAT
1 16 -25.3009 0 -28.5085 -0.23003 0.973184 5.95883e-017 0 6.12303e-017 -1 -0.973184 -0.23003 -1.40848e-017 754.DAT
1 16 -28.1835 0 -27.8271 -0.274873 0.961481 5.88718e-017 0 6.12303e-017 -1 -0.961481 -0.274873 -1.68305e-017 754.DAT
1 16 -31.0403 0 -27.0104 -0.322957 0.946414 5.79492e-017 0 6.12303e-017 -1 -0.946414 -0.322957 -1.97747e-017 754.DAT
1 16 -33.8552 0 -26.0499 -0.374358 0.927284 5.67779e-017 0 6.12303e-017 -1 -0.927284 -0.374358 -2.29221e-017 754.DAT
1 16 -36.6097 0 -24.9378 -0.429063 0.903275 5.53078e-017 0 6.12303e-017 -1 -0.903275 -0.429063 -2.62716e-017 754.DAT
1 16 -39.2833 0 -23.6678 -0.486922 0.873445 5.34813e-017 0 6.12303e-017 -1 -0.873445 -0.486922 -2.98144e-017 754.DAT
1 16 -41.8536 0 -22.235 -0.547599 0.836741 5.12339e-017 0 6.12303e-017 -1 -0.836741 -0.547599 -3.35297e-017 754.DAT
1 16 -44.2961 0 -20.6365 -0.610498 0.792018 4.84955e-017 0 6.12303e-017 -1 -0.792018 -0.610498 -3.7381e-017 754.DAT
1 16 -46.5848 0 -18.8723 -0.674691 0.7381 4.51941e-017 0 6.12303e-017 -1 -0.7381 -0.674691 -4.13115e-017 754.DAT
1 16 -48.6926 0 -16.9456 -0.738842 0.673878 4.12618e-017 0 6.12303e-017 -1 -0.673878 -0.738842 -4.52395e-017 754.DAT
1 16 -50.5921 0 -14.863 -0.801156 0.598455 3.66436e-017 0 6.12303e-017 -1 -0.598455 -0.801156 -4.90551e-017 754.DAT
1 16 -52.2559 0 -12.6356 -0.859376 0.511344 3.13098e-017 0 6.12303e-017 -1 -0.511344 -0.859376 -5.26199e-017 754.DAT
1 16 -53.6584 0 -10.2786 -0.910866 0.412703 2.52699e-017 0 6.12303e-017 -1 -0.412703 -0.910866 -5.57726e-017 754.DAT
1 16 -54.7762 0 -7.81148 -0.952818 0.303542 1.8586e-017 0 6.12303e-017 -1 -0.303542 -0.952818 -5.83413e-017 754.DAT
1 16 -55.5898 0 -5.2577 -0.982576 0.185861 1.13803e-017 0 6.12303e-017 -1 -0.185861 -0.982576 -6.01634e-017 754.DAT
1 16 -56.0841 0 -2.64412 -0.998039 0.0626019 3.83313e-018 0 6.12303e-017 -1 -0.0626019 -0.998039 -6.11102e-017 754.DAT
1 16 -56.25 0 -1.06581e-014 0.998039 -0.0626019 3.83313e-018 0 6.12303e-017 1 -0.0626019 -0.998039 6.11102e-017 754.DAT
1 16 -56.0841 0 2.64412 0.982576 -0.185861 1.13803e-017 0 6.12303e-017 1 -0.185861 -0.982576 6.01634e-017 754.DAT
1 16 -55.5898 0 5.2577 0.952818 -0.303542 1.8586e-017 0 6.12303e-017 1 -0.303542 -0.952818 5.83413e-017 754.DAT
1 16 -54.7762 0 7.81148 0.910866 -0.412703 2.52699e-017 0 6.12303e-017 1 -0.412703 -0.910866 5.57726e-017 754.DAT
1 16 -53.6584 0 10.2786 0.859376 -0.511344 3.13098e-017 0 6.12303e-017 1 -0.511344 -0.859376 5.26199e-017 754.DAT
1 16 -52.2559 0 12.6356 0.801156 -0.598455 3.66436e-017 0 6.12303e-017 1 -0.598455 -0.801156 4.90551e-017 754.DAT
1 16 -50.5921 0 14.863 0.738842 -0.673878 4.12618e-017 0 6.12303e-017 1 -0.673878 -0.738842 4.52395e-017 754.DAT
1 16 -48.6926 0 16.9456 0.674691 -0.7381 4.51941e-017 0 6.12303e-017 1 -0.7381 -0.674691 4.13115e-017 754.DAT
1 16 -46.5848 0 18.8723 0.610498 -0.792018 4.84955e-017 0 6.12303e-017 1 -0.792018 -0.610498 3.7381e-017 754.DAT
1 16 -44.2961 0 20.6365 0.547599 -0.836741 5.12339e-017 0 6.12303e-017 1 -0.836741 -0.547599 3.35297e-017 754.DAT
1 16 -41.8536 0 22.235 0.486922 -0.873445 5.34813e-017 0 6.12303e-017 1 -0.873445 -0.486922 2.98144e-017 754.DAT
1 16 -39.2833 0 23.6678 0.429063 -0.903275 5.53078e-017 0 6.12303e-017 1 -0.903275 -0.429063 2.62716e-017 754.DAT
1 16 -36.6097 0 24.9378 0.374358 -0.927284 5.67779e-017 0 6.12303e-017 1 -0.927284 -0.374358 2.29221e-017 754.DAT
1 16 -33.8552 0 26.0499 0.322957 -0.946414 5.79492e-017 0 6.12303e-017 1 -0.946414 -0.322957 1.97747e-017 754.DAT
1 16 -31.0403 0 27.0104 0.274873 -0.961481 5.88718e-017 0 6.12303e-017 1 -0.961481 -0.274873 1.68305e-017 754.DAT
1 16 -28.1835 0 27.8271 0.23003 -0.973184 5.95883e-017 0 6.12303e-017 1 -0.973184 -0.23003 1.40848e-017 754.DAT
1 16 -25.3009 0 28.5085 0.188295 -0.982113 6.01351e-017 0 6.12303e-017 1 -0.982113 -0.188295 1.15293e-017 754.DAT
1 16 -22.4068 0 29.0634 0.149499 -0.988762 6.05422e-017 0 6.12303e-017 1 -0.988762 -0.149499 9.15387e-018 754.DAT
