0 FILE PARAMECHA.ldr
0 WRITE ParaMecha
0 WRITE Name: ParaMecha.mpd
0 WRITE Author: Mladen Pejic
0 WRITE Website: http://www3.sympatico.ca/mladenpejic/
0 WRITE E-Mail: mladenpejic@sympatico.ca
0 ROTATION CENTER 0 0 0 1 "Custom" 
0 ROTATION CONFIG 0 0
1 0 30 -176 0 0 -1 0 1 0 0 0 0 1 3020.DAT
1 0 38 -146 0 0 -1 0 0 0 -1 1 0 0 4590.DAT
1 19 46 -146 0 0 -1 0 0 0 -1 1 0 0 2412A.DAT
1 46 46 -156 -30 0 -1 0 1 0 0 0 0 1 4073.DAT
1 46 46 -156 30 0 -1 0 1 0 0 0 0 1 4073.DAT
1 0 54 -206 0 0 -1 0 0 0 -1 1 0 0 3298.DAT
1 4 22 -176 0 0 -1 0 1 0 0 0 0 1 3941.DAT
1 4 22 -216 0 0 -1 0 1 0 0 0 0 1 3941.DAT
1 0 30 -226 -10 0 -1 0 1 0 0 0 0 1 6019.DAT
1 0 30 -226 10 0 -1 0 -1 0 0 0 0 -1 6019.DAT
1 0 30 -246 -10 0 -1 0 0 0 -1 1 0 0 3794.DAT
1 4 22 -246 -20 0 -1 0 1 0 0 0 0 1 3062B.DAT
1 4 22 -246 0 0 -1 0 0 0 1 -1 0 0 4070.DAT
1 0 54 -226 0 0 -1 0 0 0 1 -1 0 0 3039.DAT
1 19 62 -216 0 0 -1 0 1 0 0 0 0 1 3022.DAT
1 4 94 -226 0 0 -1 0 0 0 -1 1 0 0 2432.DAT
1 4 70 -206 10 0 -1 0 1 0 0 0 0 1 4592.DAT
1 4 70 -206 -10 0 -1 0 0 0 -1 1 0 0 2555.DAT
1 0 68 -190 0 0 1 0 -1 0 0 0 0 1 2516.DAT
1 0 108 -190 -10 0 0 1 -0.707107 0.707107 0 -0.707107 -0.707107 0 3959.DAT
1 4 76 -190 -28 0.707107 0 0.707107 0.707107 0 -0.707107 0 1 0 4032.DAT
1 0 28 -226 -30 0 -0.992546 0.121869 1 0 0 0 0.121869 0.992546 30031.DAT
1 0 25 -226 50 0.965926 0 -0.258819 0 1 0 0.258819 0 0.965926 PARMECsmokedisp.ldr
1 0 -11.5 -75.5 -74.5 0.258819 -0.965926 0 0.933013 0.25 0.258819 -0.25 -0.0669873 0.965926 PARMEClegR.ldr
1 0 -11.5 -75.5 74.5 0.258819 -0.965926 0 0.933013 0.25 -0.258819 0.25 0.0669873 0.965926 PARMEClegL.ldr
1 0 -2 -166 0 0 -1 0 0 0 1 -1 0 0 4590.DAT
1 0 -10 -166 0 0 -1 0 0 0 -1 1 0 0 3023.DAT
1 4 -18 -156 0 0 -1 0 0 0 1 -1 0 0 4079.DAT
1 0 -2 -186 -10 0 -1 0 1 0 0 0 0 1 3062B.DAT
1 0 -2 -186 10 0 -1 0 1 0 0 0 0 1 3062B.DAT
1 0 -26 -176 -10 0 -1 0 1 0 0 0 0 1 4623.DAT
1 0 -26 -176 10 0 -1 0 -1 0 0 0 0 -1 4623.DAT
1 0 -26 -146 0 0 -1 0 0 0 -1 1 0 0 3023.DAT
1 4 -34 -166 0 0 -1 0 0 0 1 -1 0 0 6134.DAT
1 0 -2 -216 -10 0 -1 0 1 0 0 0 0 1 3039.DAT
1 0 -2 -216 10 0 -1 0 -1 0 0 0 0 -1 3039.DAT
1 0 -2 -246 0 0 -1 0 0 0 -1 1 0 0 3623.DAT
1 4 6 -246 20 0 -1 0 1 0 0 0 0 1 4592.DAT
1 0 -10 -246 -20 0 -1 0 0 0 -1 1 0 0 3794.DAT
1 0 -10 -246 20 0 -1 0 0 0 -1 1 0 0 3794.DAT
1 0 -18 -246 0 0 -1 0 0 0 -1 1 0 0 3710.DAT
1 0 -28 -226 -10 1 0 0 0 1 0 0 0 1 4459.DAT
1 0 -28 -226 10 1 0 0 0 1 0 0 0 1 4459.DAT
0 WRITE Next Piece Should Have Aquaraiders Computer Pattern
1 0 -54 -226 0 0 1 0 0 0 1 1 0 0 3039P34.DAT
0 WRITE Next Part Sould Have Spyrius Computer Pattern
1 0 -62 -226 0 0 1 0 0 0 1 1 0 0 3069BP25.DAT
1 0 -26 -236 -30 0 -1 0 1 0 0 0 0 1 4623.DAT
1 0 -26 -236 30 0 -1 0 -1 0 0 0 0 -1 4623.DAT
1 0 -26 -206 0 0 -1 0 0 0 -1 1 0 0 3710.DAT
1 0 -34 -196 0 0 -1 0 1 0 0 0 0 1 2654.DAT
1 0 -34 -246 -30 0 -1 0 0 0 -1 1 0 0 4287.DAT
1 0 -34 -246 30 0 -1 0 0 0 -1 1 0 0 4287.DAT
1 0 -26 -188.75 -47.25 1 0 0 0 0.766044 0.642788 0 -0.642788 0.766044 PARMECctrlstickR.ldr
1 0 -26 -188.75 47.25 1 0 0 0 0.766044 -0.642788 0 0.642788 0.766044 PARMECctrlstickL.ldr
1 0 -34 -168 0 0.981627 0.190809 0 -0.190809 0.981627 0 0 0 1 PARMECtailseat.ldr
1 0 -18 -245 -70 1 0 0 0 0.939693 0.34202 0 -0.34202 0.939693 PARMECshoulderR.ldr
1 0 -18 -245 70 1 0 0 0 0.939693 -0.34202 0 0.34202 0.939693 PARMECshoulderL.ldr
1 0 12 -266 0 1 0 0 0 1 0 0 0 1 PARMEChead.ldr
1 0 0 0 0 1 0 0 0 1 0 0 0 1 axis20x.dat
0
0 FILE PARMECantbar.ldr
0 ROTATION CENTER 0 0 0 1 "Custom" 
0 ROTATION CONFIG 0 0
1 0 0 0 0 0 0 -1 0 1 0 1 0 0 4276.DAT
1 0 0 -8 10 0 0 1 0 1 0 -1 0 0 6019.DAT
1 46 0 -8 -10 1 0 0 0 1 0 0 0 1 3024.DAT
1 0 0 -40 0 0 0 1 0 1 0 -1 0 0 2432.DAT
1 0 -38.5 2.25 10 0.866025 0.5 0 -0.5 0.866025 0 0 0 1 PARMECantenna.ldr
0
0 FILE PARMECantenna.ldr
0 ROTATION CENTER 0 0 0 1 "Custom" 
0 ROTATION CONFIG 0 0
1 0 0 0 0 0 0 -1 0 1 0 1 0 0 2540.DAT
1 0 0 -8 10 1 0 0 0 1 0 0 0 1 3957.DAT
1 0 0 -8 -10 1 0 0 0 1 0 0 0 1 3957.DAT
0
0 FILE PARMECarmL.ldr
0 ROTATION CENTER 0 0 0 1 "Custom" 
0 ROTATION CONFIG 0 0
1 0 0 0 0 -1 0 0 0 1 0 0 0 -1 4276.DAT
1 0 0 12 -15 0 -1 0 0 0 1 -1 0 0 3962B.DAT
1 0 0 -24 0 0 0 -1 0 1 0 1 0 0 30359A.DAT
1 0 0 -32 0 1 0 0 0 1 0 0 0 1 2412A.DAT
1 0 -20 -14 0 0 -1 0 1 0 0 0 0 1 4073.DAT
0
0 FILE PARMECarmR.ldr
0 ROTATION CENTER 0 0 0 1 "Custom" 
0 ROTATION CONFIG 0 0
1 0 0 0 0 -1 0 0 0 1 0 0 0 -1 4276.DAT
1 0 -10 -24 0 1 0 0 0 1 0 0 0 1 4070.DAT
1 0 10 -24 0 0 0 -1 0 1 0 1 0 0 4070.DAT
1 0 40 -14 0 0 -1 0 1 0 0 0 0 1 3626B.DAT
1 0 48 -14 0 0 -1 0 0 0 -1 1 0 0 2555.DAT
1 0 0 -32 0 1 0 0 0 1 0 0 0 1 3069B.DAT
1 0 -10 -14 -22 0 0 -1 -1 0 0 0 1 0 4735.DAT
0
0 FILE PARMECctrlstickL.ldr
0 ROTATION CENTER 0 0 0 1 "Custom" 
0 ROTATION CONFIG 0 0
1 0 0 0 0 0 1 0 -1 0 0 0 0 1 4085C.DAT
1 0 -8 0 0 0 1 0 0 0 -1 -1 0 0 4592.DAT
1 0 -10 0 0 0 0.707107 -0.707107 0 0.707107 0.707107 1 0 0 4593.DAT
0
0 FILE PARMECctrlstickR.ldr
0 ROTATION CENTER 0 0 0 1 "Custom" 
0 ROTATION CONFIG 0 0
1 0 0 0 0 0 1 0 1 0 0 0 0 -1 4085C.DAT
1 0 -8 0 0 0 1 0 0 0 -1 -1 0 0 4592.DAT
1 0 -10 0 0 0 0.707107 -0.707107 0 0.707107 0.707107 1 0 0 4593.DAT
0
0 FILE PARMECcutter.ldr
0 ROTATION CENTER 0 0 0 1 "Custom" 
0 ROTATION CONFIG 0 0
1 0 0 0 0 0 0 1 0 1 0 -1 0 0 2433.DAT
1 4 0 -8 0 1 0 0 0 1 0 0 0 1 4592.DAT
0
0 FILE PARMECfootantenna.ldr
0 ROTATION CENTER 0 0 0 1 "Custom" 
0 ROTATION CONFIG 0 0
1 0 0 0 0 0 0 1 0 1 0 -1 0 0 2540.DAT
1 0 0 -8 -10 0 0 1 0 1 0 -1 0 0 4592.DAT
1 0 0 -8 10 0 0 1 0 1 0 -1 0 0 4592.DAT
1 0 0 -10 -10 0 1 0 0 0 1 1 0 0 4593.DAT
1 0 0 -10 10 0 1 0 0 0 1 1 0 0 4593.DAT
0
0 FILE PARMECfootL.ldr
0 ROTATION CENTER 0 0 0 1 "Custom" 
0 ROTATION CONFIG 0 0
1 0 0 0 0 1 0 0 0 1 0 0 0 1 2654.DAT
1 0 10 -8 0 0 0 -1 0 1 0 1 0 0 2540.DAT
1 0 -10 -8 0 0 0 1 0 1 0 -1 0 0 2540.DAT
1 0 0 -16 10 1 0 0 0 1 0 0 0 1 3069B.DAT
1 0 0 -16 -10 1 0 0 0 1 0 0 0 1 3023.DAT
1 0 -40 4 -20 1 0 0 0 0 1 0 -1 0 2654.DAT
1 0 -40 4 20 1 0 0 0 0 -1 0 1 0 2654.DAT
1 0 -35 -19 0 0.819152 0.573576 0 -0.573576 0.819152 0 0 0 1 PARMECfootantenna.ldr
1 0 48 -15 -16 0 0.34202 0.939693 0 0.939693 -0.34202 -1 0 0 6019.DAT
1 0 48 -15 16 0 0.34202 0.939693 0 0.939693 -0.34202 -1 0 0 6019.DAT
1 4 10 -26 0 1 0 0 0 0 1 0 -1 0 4070.DAT
1 4 -10 -26 0 1 0 0 0 0 1 0 -1 0 4070.DAT
1 4 0 -40 -10 1 0 0 0 1 0 0 0 1 2412A.DAT
1 0 10 -26 8 1 0 0 0 0 1 0 -1 0 3024.DAT
1 0 -20 -56 8 0 0 1 -1 0 0 0 -1 0 2429.DAT
1 0 0 -26 32 1 0 0 0 0 1 0 -1 0 4865.DAT
0
0 FILE PARMECfootR.ldr
0 ROTATION CENTER 0 0 0 1 "Custom" 
0 ROTATION CONFIG 0 0
1 0 0 0 0 1 0 0 0 1 0 0 0 1 2654.DAT
1 0 10 -8 0 0 0 -1 0 1 0 1 0 0 2540.DAT
1 0 -10 -8 0 0 0 1 0 1 0 -1 0 0 2540.DAT
1 0 0 -16 -10 1 0 0 0 1 0 0 0 1 3069B.DAT
1 0 0 -16 10 1 0 0 0 1 0 0 0 1 3023.DAT
1 0 -40 4 -20 1 0 0 0 0 1 0 -1 0 2654.DAT
1 0 -40 4 20 1 0 0 0 0 -1 0 1 0 2654.DAT
1 0 -35 -19 0 0.819152 0.573576 0 -0.573576 0.819152 0 0 0 1 PARMECfootantenna.ldr
1 0 48 -15 -16 0 0.34202 0.939693 0 0.939693 -0.34202 -1 0 0 6019.DAT
1 0 48 -15 16 0 0.34202 0.939693 0 0.939693 -0.34202 -1 0 0 6019.DAT
1 4 10 -26 0 -1 0 0 0 0 1 0 1 0 4070.DAT
1 4 -10 -26 0 -1 0 0 0 0 1 0 1 0 4070.DAT
1 4 0 -40 10 1 0 0 0 1 0 0 0 1 2412A.DAT
1 0 10 -26 -8 1 0 0 0 0 -1 0 1 0 3024.DAT
1 0 -20 -56 -8 0 0 1 1 0 0 0 1 0 2430.DAT
1 0 0 -26 -32 -1 0 0 0 0 1 0 1 0 4865.DAT
0
0 FILE PARMEChead.ldr
0 ROTATION CENTER 0 0 0 1 "Custom" 
0 ROTATION CONFIG 0 0
1 0 0 0 0 0 0 1 0 1 0 -1 0 0 4349.DAT
1 19 34 0 0 0 -1 0 0 0 1 -1 0 0 6091.DAT
1 36 34 0 0 0 -1 0 1 0 0 0 0 1 4073.DAT
1 19 2 -20 0 0 -1 0 -1 0 0 0 0 -1 4070.DAT
1 19 -8 -20 14 0 0 1 -1 0 0 0 -1 0 2555.DAT
1 0 -8 -20 20 0 -1 0 -1 0 0 0 0 -1 3962B.DAT
1 4 -8 -20 -10 1 0 0 0 0 1 0 -1 0 4073.DAT
1 0 -22 -10 0 0 -1 0 1 0 0 0 0 1 4623.DAT
0
0 FILE PARMEClegL.ldr
0 ROTATION CENTER 0 0 0 1 "Custom" 
0 ROTATION CONFIG 0 0
1 0 0 0 0 -1 0 0 0 0 -1 0 -1 0 2430.DAT
1 0 -30 -10 -8 1 0 0 0 0 1 0 -1 0 3623.DAT
1 0 -50 -20 -16 0 0 -1 1 0 0 0 -1 0 3747.DAT
1 0 -50 -10 0 1 0 0 0 0 1 0 -1 0 3024.DAT
1 0 -50 -10 8 1 0 0 0 0 1 0 -1 0 3024.DAT
1 0 -20 -10 8 1 0 0 0 0 1 0 -1 0 2436.DAT
1 0 -60 -56 -2 1 0 0 0 1 0 0 0 1 2744.DAT
1 0 -80 -32 -2 -1 0 0 0 1 0 0 0 -1 2540.DAT
1 0 -70 -24 -2 0 0 1 0 1 0 -1 0 0 2449.DAT
1 19 -30 -20 16 1 0 0 0 0 1 0 -1 0 3021.DAT
1 4 -50 -30 24 1 0 0 0 0 1 0 -1 0 4073.DAT
1 4 -50 -10 24 1 0 0 0 0 1 0 -1 0 4073.DAT
1 4 -20 -10 24 1 0 0 0 0 1 0 -1 0 2412A.DAT
1 0 -80 -80 -2 -1 0 0 0 1 0 0 0 -1 4865.DAT
1 0 -80 -46 -12 0 0 1 0 1 0 -1 0 0 4459.DAT
1 0 -77.5 -55.5 -22 0.965926 -0.258819 0 0.258819 0.965926 0 0 0 1 6541.DAT
1 0 57.5 15.5 -8 0.573576 0.819152 0 -0.819152 0.573576 0 0 0 1 PARMECfootL.ldr
0
0 FILE PARMEClegR.ldr
0 ROTATION CENTER 0 0 0 1 "Custom" 
0 ROTATION CONFIG 0 0
1 0 0 0 0 1 0 0 0 0 -1 0 1 0 2429.DAT
1 0 -30 -10 8 1 0 0 0 0 -1 0 1 0 3623.DAT
1 0 -50 -20 16 0 0 -1 -1 0 0 0 1 0 3747.DAT
1 0 -50 -10 0 1 0 0 0 0 -1 0 1 0 3024.DAT
1 0 -50 -10 -8 1 0 0 0 0 -1 0 1 0 3024.DAT
1 0 -20 -10 -8 -1 0 0 0 0 1 0 1 0 2436.DAT
1 0 -60 -56 2 1 0 0 0 1 0 0 0 1 2744.DAT
1 0 -80 -32 2 1 0 0 0 1 0 0 0 1 2540.DAT
1 0 -70 -24 2 0 0 1 0 1 0 -1 0 0 2449.DAT
1 19 -30 -20 -16 1 0 0 0 0 -1 0 1 0 3021.DAT
1 4 -50 -30 -24 1 0 0 0 0 -1 0 1 0 4073.DAT
1 4 -50 -10 -24 1 0 0 0 0 -1 0 1 0 4073.DAT
1 4 -20 -10 -24 1 0 0 0 0 -1 0 1 0 2412A.DAT
1 0 -80 -80 2 1 0 0 0 1 0 0 0 1 4865.DAT
1 0 -80 -46 12 0 0 1 0 1 0 -1 0 0 4459.DAT
1 0 -77.5 -55.5 22 0.965926 -0.258819 0 0.258819 0.965926 0 0 0 1 6541.DAT
1 0 57.5 15.5 8 0.573576 0.819152 0 -0.819152 0.573576 0 0 0 1 PARMECfootR.ldr
0
0 FILE PARMECshoulderL.ldr
0 ROTATION CENTER 0 0 0 1 "Custom" 
0 ROTATION CONFIG 0 0
1 0 0 0 0 1 0 0 0 1 0 0 0 1 4081B.DAT
1 0 0 -8 10 0 0 1 0 1 0 -1 0 0 3023.DAT
1 0 0 -16 10 0 0 1 0 1 0 -1 0 0 3023.DAT
1 0 12 2 -20 0 -1 0 1 0 0 0 0 1 4073.DAT
1 4 10 14 0 0 -1 0 0 0 1 -1 0 0 4070.DAT
1 46 0 24 0 1 0 0 0 1 0 0 0 1 4073.DAT
1 0 10 -26 0 0 -1 0 0 0 1 -1 0 0 4070.DAT
1 0 10 -26 20 0 -1 0 0 0 1 -1 0 0 4070.DAT
1 0 0 -40 10 0 0 -1 0 1 0 1 0 0 4276.DAT
1 0 -10 -48 0 -1 0 0 0 1 0 0 0 -1 3839B.DAT
1 0 -10 -48 20 1 0 0 0 1 0 0 0 1 2412A.DAT
1 0 -14 -26 10 0 -1 0 0 0 -1 1 0 0 3747.DAT
1 0 -6 14 20 0 -1 0 0 0 -1 1 0 0 2555.DAT
1 0 0 0 20 1 0 0 0 1 0 0 0 1 2433.DAT
1 0 0 -6 37.5 1 0 0 0 -0.0871557 0.996195 0 -0.996195 -0.0871557 2880.DAT
1 0 0 -11 50.5 1 0 0 0 0.978148 0.207912 0 -0.207912 0.978148 PARMECcutter.ldr
1 19 18 14 0 0 -1 0 0 0 -1 1 0 0 30357.DAT
1 4 26 -6 10 0 -1 0 0 0 -1 1 0 0 2412A.DAT
1 4 22 56.5 20 0.62932 -0.777146 0 0.777146 0.62932 0 0 0 1 PARMECarmL.ldr
0
0 FILE PARMECshoulderR.ldr
0 ROTATION CENTER 0 0 0 1 "Custom" 
0 ROTATION CONFIG 0 0
1 0 0 0 0 -1 0 0 0 1 0 0 0 -1 4081B.DAT
1 0 0 -8 -10 0 0 1 0 1 0 -1 0 0 3023.DAT
1 0 0 -16 -10 0 0 1 0 1 0 -1 0 0 3023.DAT
1 0 12 2 20 0 -1 0 1 0 0 0 0 1 4073.DAT
1 4 10 14 0 0 -1 0 0 0 1 -1 0 0 4070.DAT
1 46 0 24 0 1 0 0 0 1 0 0 0 1 4073.DAT
1 0 10 -26 0 0 -1 0 0 0 1 -1 0 0 4070.DAT
1 0 10 -26 -20 0 -1 0 0 0 1 -1 0 0 4070.DAT
1 0 0 -40 -10 0 0 1 0 1 0 -1 0 0 4275.DAT
1 0 -10 -48 0 1 0 0 0 1 0 0 0 1 3839B.DAT
1 0 -10 -48 -20 1 0 0 0 1 0 0 0 1 2412A.DAT
1 0 -14 -26 -10 0 -1 0 0 0 -1 1 0 0 3747.DAT
1 0 -6 14 -20 0 -1 0 0 0 -1 1 0 0 2555.DAT
1 0 0 0 -20 1 0 0 0 1 0 0 0 1 2433.DAT
1 0 0 -6 -40 1 0 0 0 -0.121869 -0.992546 0 0.992546 -0.121869 PARMECantbar.ldr
1 19 18 14 0 0 -1 0 -1 0 0 0 0 -1 30357.DAT
1 4 26 -6 -10 0 -1 0 0 0 -1 1 0 0 2412A.DAT
1 4 24 54 -20 0.707107 -0.707107 0 0.707107 0.707107 0 0 0 1 PARMECarmR.ldr
0
0 FILE PARMECsmokedisp.ldr
0 ROTATION CENTER 0 0 0 1 "Custom" 
0 ROTATION CONFIG 0 0
1 0 0 0 0 0 -1 0 1 0 0 0 0 1 2540.DAT
1 0 8 10 0 0 -1 0 1 0 0 0 0 1 2555.DAT
1 0 8 -10 0 0 -1 0 1 0 0 0 0 1 2555.DAT
1 0 10.25 11 -16 -0.258819 0.965926 0 -0.965926 -0.258819 0 0 0 1 4599.DAT
1 0 10.5 -8 -16 -0.5 0.866025 0 -0.866025 -0.5 0 0 0 1 4599.DAT
0
0 FILE PARMECtailseat.ldr
0 ROTATION CENTER 0 0 0 1 "Custom" 
0 ROTATION CONFIG 0 0
1 0 0 0 0 0 -1 0 0 0 -1 1 0 0 3937.DAT
1 0 -44 0 -20 0 0 1 1 0 0 0 1 0 4595.DAT
1 0 -44 0 20 0 0 1 -1 0 0 0 -1 0 4595.DAT
1 0 -54 18 0 0 0 -1 0 -1 0 -1 0 0 6239.DAT
1 19 -34 -18 0 0 0 -1 0 1 0 1 0 0 4598.DAT
1 0 -104 0 -92 0 0 -1 -1 0 0 0 1 0 2340.DAT
1 0 -104 0 92 0 0 -1 1 0 0 0 -1 0 2340.DAT
1 0 -104 0 -116 -1 0 0 0 0 1 0 1 0 4865.DAT
1 0 -104 0 116 1 0 0 0 0 1 0 -1 0 4865.DAT
0 
0
0
