0 FILE RAIDER.ldr
0 WRITE "Raider" Mass Production Mecha
0 WRITE Name: Raider.mpd
0 WRITE Author: Mladen Pejic
0 WRITE Website: http://www3.sympatico.ca/mladenpejic/
0 WRITE E-Mail: mladenpejic@sympatico.ca
0 ROTATION CENTER 0 0 0 1 "Custom" 
0 ROTATION CONFIG 0 0
1 0 0 0 0 1 0 0 0 1 0 0 0 1 axis20x.dat
1 7 -11 -188.908 0 0.997564 -0.069756 0 0.069756 0.997564 0 0 0 1 RAIDbody.ldr
0
0 FILE RAIDarmL.ldr
0 ROTATION CENTER 0 0 0 1 "Custom" 
0 ROTATION CONFIG 0 0
1 0 0 0 0 0 -1 0 1 0 0 0 0 1 3700.DAT
1 0 8 0 0 0 -1 0 1 0 0 0 0 1 3023.DAT
1 0 -24 -20 10 0 -1 0 -1 0 0 0 0 -1 2429.DAT
1 0 -32 -20 10 0 -1 0 -1 0 0 0 0 -1 2429.DAT
1 0 16 -20 10 0 -1 0 -1 0 0 0 0 -1 2429.DAT
1 0 24 -20 10 0 -1 0 -1 0 0 0 0 -1 2429.DAT
1 0 48 0 0 0 -1 0 1 0 0 0 0 1 4865.DAT
1 0 8 -4.627 26.238 1 0 0 0 0.939693 -0.342021 0 0.342021 0.939693 RAIDshoulderL.ldr
0
0 FILE RAIDarmour.ldr
0 ROTATION CENTER 0 0 0 1 "Custom" 
0 ROTATION CONFIG 0 0
1 4 0 0 0 1 0 0 0 0 -1 0 1 0 3022.DAT
1 4 -10 -40 0 0 0 -1 -1 0 0 0 1 0 4275.DAT
1 4 10 -40 0 0 0 -1 -1 0 0 0 1 0 4275.DAT
1 4 -10 -20 -8 0 0 -1 -1 0 0 0 1 0 2431.DAT
1 4 10 -20 -8 0 0 -1 -1 0 0 0 1 0 2431.DAT
0
0 FILE RAIDarmR.ldr
0 ROTATION CENTER 0 0 0 1 "Custom" 
0 ROTATION CONFIG 0 0
1 0 0 0 0 0 -1 0 1 0 0 0 0 1 3700.DAT
1 0 8 0 0 0 -1 0 1 0 0 0 0 1 3023.DAT
1 0 -24 -20 -10 0 -1 0 1 0 0 0 0 1 2430.DAT
1 0 -32 -20 -10 0 -1 0 1 0 0 0 0 1 2430.DAT
1 0 16 -20 -10 0 -1 0 1 0 0 0 0 1 2430.DAT
1 0 24 -20 -10 0 -1 0 1 0 0 0 0 1 2430.DAT
1 0 48 0 0 0 -1 0 -1 0 0 0 0 -1 4865.DAT
1 0 8 -4.627 -26.238 1 0 0 0 0.939693 0.34202 0 -0.34202 0.939693 RAIDshoulderR.ldr
0
0 FILE RAIDbar.ldr
0 ROTATION CENTER 0 0 0 1 "Custom" 
0 ROTATION CONFIG 0 0
1 7 0 0 0 0 -1 0 1 0 0 0 0 1 3938.DAT
1 7 32 0 0 0 -1 0 -1 0 0 0 0 -1 2432.DAT
0
0 FILE RAIDbody.ldr
0 ROTATION CENTER 0 0 0 1 "Custom" 
0 ROTATION CONFIG 0 0
1 0 0 0 0 0 -1 0 0 0 1 -1 0 0 4590.DAT
1 0 -8 0 -10 0 -1 0 0 0 1 -1 0 0 4070.DAT
1 0 -8 0 10 0 -1 0 0 0 1 -1 0 0 4070.DAT
1 0 -18 -14 0 0 0 -1 0 1 0 1 0 0 3839B.DAT
1 0 2 -22 -20 1 0 0 0 1 0 0 0 1 3021.DAT
1 0 2 -22 20 1 0 0 0 1 0 0 0 1 3021.DAT
1 0 32 0 0 0 -1 0 0 0 1 -1 0 0 2436.DAT
1 0 40 0 0 0 -1 0 0 0 1 -1 0 0 4590.DAT
1 0 48 0 0 0 -1 0 0 0 1 -1 0 0 2412A.DAT
1 0 -8 36.39 -47.424 1 0 0 0 0.965926 0.258819 0 -0.258819 0.965926 RAIDhipR.ldr
1 0 -8 36.39 47.424 1 0 0 0 0.965926 -0.258819 0 0.258819 0.965926 RAIDhipL.ldr
1 7 -18 -46 0 0 0 1 0 1 0 -1 0 0 30414.DAT
1 4 -36 -36 0 0 1 0 0 0 -1 -1 0 0 4315.DAT
1 4 -44 -36 -20 0 1 0 0 0 -1 -1 0 0 2412A.DAT
1 4 -44 -36 20 0 1 0 0 0 -1 -1 0 0 2412A.DAT
1 4 -45.181 11.738 0 0.965926 -0.258819 0 0.258819 0.965926 0 0 0 1 RAIDskirt.ldr
1 7 12 -94 -30 -1 0 0 0 1 0 0 0 -1 2362B.DAT
1 7 12 -94 30 1 0 0 0 1 0 0 0 1 2362B.DAT
1 7 -18 -70 -20 0 0 1 0 1 0 -1 0 0 3660.DAT
1 7 -18 -70 20 0 0 1 0 1 0 -1 0 0 3660.DAT
1 7 -18 -94 -10 0 0 -1 0 1 0 1 0 0 4070.DAT
1 7 -18 -94 10 0 0 -1 0 1 0 1 0 0 4070.DAT
1 7 -38 -94 10 0 0 1 0 1 0 -1 0 0 4070.DAT
1 7 -38 -94 -10 0 0 1 0 1 0 -1 0 0 4070.DAT
1 7 -4 -84 0 0 -1 0 0 0 1 -1 0 0 3069B.DAT
1 7 -68 -84 0 0 1 0 0 0 1 1 0 0 30236.DAT
1 7 -76 -84 0 0 1 0 0 0 1 1 0 0 3069B.DAT
1 7 -28 -94 -30 1 0 0 0 1 0 0 0 1 3700.DAT
1 7 -28 -94 30 1 0 0 0 1 0 0 0 1 3700.DAT
1 0 -28 -84 -40 0 0 1 0 1 0 -1 0 0 4459.DAT
1 0 -28 -84 40 0 0 1 0 1 0 -1 0 0 4459.DAT
1 7 -58 -104 -16 1 0 0 0 0 1 0 -1 0 3062B.DAT
1 7 -58 -104 16 -1 0 0 0 0 1 0 1 0 3062B.DAT
1 7 -18 -102 0 0 0 1 0 1 0 -1 0 0 3023.DAT
1 7 2 -102 -30 -1 0 0 0 1 0 0 0 -1 3623.DAT
1 7 2 -102 30 -1 0 0 0 1 0 0 0 -1 3623.DAT
1 7 -38 -102 0 0 0 -1 0 1 0 1 0 0 3710.DAT
1 7 -8 -110 -30 1 0 0 0 1 0 0 0 1 3710.DAT
1 7 -8 -110 30 1 0 0 0 1 0 0 0 1 3710.DAT
1 7 -28 -110 0 1 0 0 0 1 0 0 0 1 3022.DAT
1 4 -28 -118 -20 1 0 0 0 1 0 0 0 1 3068B.DAT
1 4 -28 -118 20 1 0 0 0 1 0 0 0 1 3068B.DAT
1 4 2 -118 0 0 0 1 0 1 0 -1 0 0 3710.DAT
1 4 22 -118 0 0 0 -1 0 1 0 1 0 0 4315.DAT
1 0 12 -126 -30 1 0 0 0 1 0 0 0 1 3069B.DAT
1 0 12 -126 30 1 0 0 0 1 0 0 0 1 3069B.DAT
1 0 12 -126 0 1 0 0 0 1 0 0 0 1 2460.DAT
1 0 40 -78 0 0 -1 0 1 0 0 0 0 1 RAIDhatch.ldr
1 0 2.341 -136 2.588 0.965926 0 0.258819 0 1 0 -0.258819 0 0.965926 RAIDhead.ldr
1 0 -18.341 -81.412 -50 0.965926 -0.258819 0 0.258819 0.965926 0 0 0 1 RAIDarmR.ldr
1 0 -18.341 -81.412 50 0.965926 -0.258819 0 0.258819 0.965926 0 0 0 1 RAIDarmL.ldr
0
0 FILE RAIDfoot.ldr
0 ROTATION CENTER 0 0 0 1 "Custom" 
0 ROTATION CONFIG 0 0
1 0 0 0 -20 1 0 0 0 1 0 0 0 1 3710.DAT
1 0 0 0 20 1 0 0 0 1 0 0 0 1 3710.DAT
1 0 -40 -24 -20 -1 0 0 0 1 0 0 0 -1 2743.DAT
1 0 -40 -24 20 -1 0 0 0 1 0 0 0 -1 2743.DAT
1 0 -20 -24 0 -1 0 0 0 1 0 0 0 -1 3700.DAT
1 7 10 -8 -20 -1 0 0 0 1 0 0 0 -1 4073.DAT
1 7 10 -16 -20 -1 0 0 0 1 0 0 0 -1 4073.DAT
1 7 10 -16 20 -1 0 0 0 1 0 0 0 -1 4073.DAT
1 7 10 -8 20 -1 0 0 0 1 0 0 0 -1 4073.DAT
1 0 10 -32 -20 0 0 -1 0 1 0 1 0 0 6091.DAT
1 0 10 -32 20 0 0 -1 0 1 0 1 0 0 6091.DAT
1 0 0 -32 -20 1 0 0 0 1 0 0 0 1 2412A.DAT
1 0 0 -32 20 1 0 0 0 1 0 0 0 1 2412A.DAT
1 0 -10 -32 0 1 0 0 0 1 0 0 0 1 3024.DAT
1 0 -30 -32 0 0 0 1 0 1 0 -1 0 0 3623.DAT
1 0 -20 -14 0 0 0 1 0 1 0 -1 0 0 6558.DAT
1 7 -20 -40 0 -1 0 0 0 1 0 0 0 -1 3794.DAT
1 7 -20 -48 0 0 0 -1 0 1 0 1 0 0 2555.DAT
0
0 FILE RAIDhatch.ldr
0 ROTATION CENTER 0 0 0 1 "Custom" 
0 ROTATION CONFIG 0 0
1 7 0 0 0 0 0 -1 0 1 0 1 0 0 4213.DAT
1 7 50 0 0 0 0 -1 0 1 0 1 0 0 3710.DAT
1 7 30 -24 -20 0 0 -1 0 1 0 1 0 0 3039.DAT
1 7 30 -24 20 0 0 -1 0 1 0 1 0 0 3039.DAT
1 7 30 -32 0 0 0 -1 0 1 0 1 0 0 2431.DAT
1 7 10 -8 0 0 0 -1 0 1 0 1 0 0 3710.DAT
1 7 10 -16 0 0 0 -1 0 1 0 1 0 0 2412A.DAT
1 7 10 -32 -30 -1 0 0 0 1 0 0 0 -1 6231.DAT
1 7 10 -32 30 0 0 1 0 1 0 -1 0 0 6231.DAT
1 7 -10 -32 -20 0 0 1 0 1 0 -1 0 0 2432.DAT
1 7 -10 -32 20 0 0 1 0 1 0 -1 0 0 2432.DAT
0
0 FILE RAIDhead.ldr
0 ROTATION CENTER 0 0 0 1 "Custom" 
0 ROTATION CONFIG 0 0
1 0 0 0 0 0 1 0 0 0 -1 -1 0 0 3700.DAT
1 0 24 0 0 0 1 0 0 0 1 1 0 0 2540.DAT
1 42 32 0 -10 0 1 0 0 0 1 1 0 0 3024.DAT
1 42 40 0 -10 0 1 0 0 0 1 1 0 0 3024.DAT
1 0 32 0 10 0 1 0 0 0 1 1 0 0 3062B.DAT
1 0 76 0 10 0 -1 0 0 0 1 -1 0 0 6246A.DAT
1 0 -8 0 0 0 1 0 0 0 1 1 0 0 3839B.DAT
1 0 -56 0 0 0 1 0 0 0 1 1 0 0 6187.DAT
1 0 5.902 -20.249 0 0.996195 0.087156 0 -0.087156 0.996195 0 0 0 1 RAIDheadtop.ldr
0
0 FILE RAIDheadtop.ldr
0 ROTATION CENTER 0 0 0 1 "Custom" 
0 ROTATION CONFIG 0 0
1 7 0 0 0 0 0 -1 0 1 0 1 0 0 6019.DAT
1 7 -20 0 0 0 0 1 0 1 0 -1 0 0 4081B.DAT
1 7 -40 2 -12 1 0 0 0 0 -1 0 1 0 4073.DAT
1 7 -40 2 12 1 0 0 0 0 1 0 -1 0 4073.DAT
1 7 -10 -8 0 1 0 0 0 1 0 0 0 1 3023.DAT
1 7 -10 -16 0 1 0 0 0 1 0 0 0 1 3023.DAT
1 7 -10 -24 0 1 0 0 0 1 0 0 0 1 2412A.DAT
0
0 FILE RAIDhipL.ldr
0 ROTATION CENTER 0 0 0 1 "Custom" 
0 ROTATION CONFIG 0 0
1 0 0 0 0 0 -1 0 1 0 0 0 0 1 2654.DAT
1 0 8 10 0 0 -1 0 1 0 0 0 0 1 3021.DAT
1 0 32 30 0 0 -1 0 0 0 -1 1 0 0 3700.DAT
1 0 32 10 -10 0 -1 0 1 0 0 0 0 1 2921.DAT
1 0 32 -30 -10 0 -1 0 1 0 0 0 0 1 2357.DAT
1 0 32 -10 10 0 -1 0 -1 0 0 0 0 -1 4070.DAT
1 0 32 10 10 0 -1 0 -1 0 0 0 0 -1 4070.DAT
1 0 22 0 24 0 0 1 -1 0 0 0 -1 0 3023.DAT
1 0 22 0 32 0 0 1 -1 0 0 0 -1 0 3839B.DAT
1 4 22 10 40 0 0 -1 1 0 0 0 -1 0 3020.DAT
1 4 22 -40 40 -1 0 0 0 0 -1 0 -1 0 3023.DAT
1 4 22 -30 48 -1 0 0 0 0 -1 0 -1 0 3068B.DAT
1 4 22 0 48 -1 0 0 0 0 -1 0 -1 0 2412A.DAT
1 4 22 30 48 -1 0 0 0 0 -1 0 -1 0 3068B.DAT
1 0 40 10 0 0 -1 0 1 0 0 0 0 1 3021.DAT
1 0 48 -10 10 0 -1 0 1 0 0 0 0 1 2555.DAT
1 0 48 10 10 0 -1 0 1 0 0 0 0 1 2555.DAT
1 0 48 30 10 0 -1 0 1 0 0 0 0 1 2555.DAT
1 0 51.172 -7.172 26 0.707107 0.707107 0 0.707107 -0.707107 0 0 0 -1 4599.DAT
1 0 50.536 12 26 0.5 0.866025 0 0.866025 -0.5 0 0 0 -1 4599.DAT
1 0 50.137 31.035 26 0.258819 0.965926 0 0.965926 -0.258819 0 0 0 -1 4599.DAT
1 0 64 -10 -10 0 -1 0 0 0 -1 1 0 0 6231.DAT
1 0 64 20 -10 0 -1 0 -1 0 0 0 0 -1 4865.DAT
1 0 -14.705 60 -9.835 0.965926 0 -0.258819 0 1 0 0.258819 0 0.965926 RAIDshinL.ldr
0
0 FILE RAIDhipR.ldr
0 ROTATION CENTER 0 0 0 1 "Custom" 
0 ROTATION CONFIG 0 0
1 0 0 0 0 0 -1 0 1 0 0 0 0 1 2654.DAT
1 0 8 10 0 0 -1 0 1 0 0 0 0 1 3021.DAT
1 0 32 30 0 0 -1 0 0 0 -1 1 0 0 3700.DAT
1 0 32 10 10 0 -1 0 -1 0 0 0 0 -1 2921.DAT
1 0 32 -30 10 0 -1 0 0 0 1 -1 0 0 2357.DAT
1 0 32 10 -10 0 -1 0 1 0 0 0 0 1 4070.DAT
1 0 32 -10 -10 0 -1 0 1 0 0 0 0 1 4070.DAT
1 0 22 0 -24 0 0 1 1 0 0 0 1 0 3023.DAT
1 0 22 0 -32 0 0 1 1 0 0 0 1 0 3839B.DAT
1 4 22 10 -40 0 0 1 1 0 0 0 1 0 3020.DAT
1 4 22 -40 -40 -1 0 0 0 0 1 0 1 0 3023.DAT
1 4 22 -30 -48 -1 0 0 0 0 1 0 1 0 3068B.DAT
1 4 22 0 -48 -1 0 0 0 0 1 0 1 0 2412A.DAT
1 4 22 30 -48 -1 0 0 0 0 1 0 1 0 3068B.DAT
1 0 40 10 0 0 -1 0 1 0 0 0 0 1 3021.DAT
1 0 48 -10 -10 0 -1 0 1 0 0 0 0 1 2555.DAT
1 0 48 10 -10 0 -1 0 1 0 0 0 0 1 2555.DAT
1 0 48 30 -10 0 -1 0 1 0 0 0 0 1 2555.DAT
1 0 51.172 -7.172 -26 -0.707107 0.707107 0 -0.707107 -0.707107 0 0 0 1 4599.DAT
1 0 50.536 12 -26 -0.5 0.866026 0 -0.866026 -0.5 0 0 0 1 4599.DAT
1 0 50.137 31.035 -26 -0.258819 0.965926 0 -0.965926 -0.258819 0 0 0 1 4599.DAT
1 0 64 -10 10 0 -1 0 1 0 0 0 0 1 6231.DAT
1 0 64 20 10 0 -1 0 1 0 0 0 0 1 4865.DAT
1 0 -14.705 60 9.835 0.965926 0 0.258819 0 1 0 -0.258819 0 0.965926 RAIDshinR.ldr
0
0 FILE RAIDmissilesL.ldr
0 ROTATION CENTER 0 0 0 1 "Custom" 
0 ROTATION CONFIG 0 0
1 4 0 0 0 0 -1 0 1 0 0 0 0 1 3020.DAT
1 4 -8 -20 10 0 -1 0 0 0 -1 1 0 0 3021.DAT
1 4 -8 20 10 0 -1 0 0 0 -1 1 0 0 3021.DAT
1 4 24 -20 30 0 -1 0 -1 0 0 0 0 -1 2432.DAT
1 4 24 20 30 0 -1 0 -1 0 0 0 0 -1 2432.DAT
1 4 24 -30 -10 0 -1 0 1 0 0 0 0 1 3062B.DAT
1 4 24 -30 10 0 -1 0 1 0 0 0 0 1 3062B.DAT
1 4 24 -10 10 0 -1 0 1 0 0 0 0 1 3062B.DAT
1 4 24 -10 -10 0 -1 0 1 0 0 0 0 1 3062B.DAT
1 4 24 10 -10 0 -1 0 1 0 0 0 0 1 3062B.DAT
1 4 24 10 10 0 -1 0 1 0 0 0 0 1 3062B.DAT
1 4 24 30 10 0 -1 0 1 0 0 0 0 1 3062B.DAT
1 4 24 30 -10 0 -1 0 1 0 0 0 0 1 3062B.DAT
1 4 -16 -30 -10 0 -1 0 1 0 0 0 0 1 3005.DAT
1 4 -16 -30 10 0 -1 0 1 0 0 0 0 1 3005.DAT
1 4 -16 -10 10 0 -1 0 1 0 0 0 0 1 3005.DAT
1 4 -16 -10 -10 0 -1 0 1 0 0 0 0 1 3005.DAT
1 4 -16 10 -10 0 -1 0 1 0 0 0 0 1 3005.DAT
1 4 -16 10 10 0 -1 0 1 0 0 0 0 1 3005.DAT
1 4 -16 30 -10 0 -1 0 1 0 0 0 0 1 2921.DAT
1 4 -16 30 10 0 -1 0 0 0 -1 1 0 0 4070.DAT
1 4 -26 44 10 1 0 0 0 -1 0 0 0 -1 4085C.DAT
1 4 -26 52 10 -0.965926 0 0.258819 0 -1 0 0.258819 0 0.965926 2555.DAT
1 4 -26 48 30 0.965926 0 0.258819 0 1 0 -0.258819 0 0.965926 4095.DAT
0
0 FILE RAIDmissilesR.ldr
0 ROTATION CENTER 0 0 0 1 "Custom" 
0 ROTATION CONFIG 0 0
1 4 0 0 0 0 -1 0 1 0 0 0 0 1 3020.DAT
1 4 -8 -20 -10 0 -1 0 0 0 -1 1 0 0 3021.DAT
1 4 -8 20 -10 0 -1 0 0 0 -1 1 0 0 3021.DAT
1 4 24 -20 -30 0 -1 0 1 0 0 0 0 1 2432.DAT
1 4 24 20 -30 0 -1 0 1 0 0 0 0 1 2432.DAT
1 4 24 -30 -10 0 -1 0 1 0 0 0 0 1 3062B.DAT
1 4 24 -30 10 0 -1 0 1 0 0 0 0 1 3062B.DAT
1 4 24 -10 10 0 -1 0 1 0 0 0 0 1 3062B.DAT
1 4 24 -10 -10 0 -1 0 1 0 0 0 0 1 3062B.DAT
1 4 24 10 -10 0 -1 0 1 0 0 0 0 1 3062B.DAT
1 4 24 10 10 0 -1 0 1 0 0 0 0 1 3062B.DAT
1 4 24 30 10 0 -1 0 1 0 0 0 0 1 3062B.DAT
1 4 24 30 -10 0 -1 0 1 0 0 0 0 1 3062B.DAT
1 4 -16 -30 -10 0 -1 0 1 0 0 0 0 1 3005.DAT
1 4 -16 -30 10 0 -1 0 1 0 0 0 0 1 3005.DAT
1 4 -16 -10 10 0 -1 0 1 0 0 0 0 1 3005.DAT
1 4 -16 -10 -10 0 -1 0 1 0 0 0 0 1 3005.DAT
1 4 -16 10 -10 0 -1 0 1 0 0 0 0 1 3005.DAT
1 4 -16 10 10 0 -1 0 1 0 0 0 0 1 3005.DAT
1 4 -16 30 10 0 -1 0 -1 0 0 0 0 -1 2921.DAT
1 4 -16 30 -10 0 -1 0 0 0 -1 1 0 0 4070.DAT
1 4 -26 44 -10 -1 0 0 0 -1 0 0 0 1 4085C.DAT
1 4 -26 52 -10 -0.965926 0 -0.258819 0 -1 0 -0.258819 0 0.965926 2555.DAT
1 4 -26 48 -30 0.965926 0 0.258819 0 1 0 -0.258819 0 0.965926 4095.DAT
0
0 FILE RAIDmuzzle.ldr
0 ROTATION CENTER 0 0 0 1 "Custom" 
0 ROTATION CONFIG 0 0
1 7 0 0 0 0 0 -1 0 1 0 1 0 0 3959.DAT
1 7 0 10 0 0 0 -1 0 1 0 1 0 0 3062B.DAT
1 7 24 0 0 -1 0 0 0 0 -1 0 -1 0 4274.DAT
0
0 FILE RAIDrifleL.ldr
0 ROTATION CENTER 0 0 0 1 "Custom" 
0 ROTATION CONFIG 0 0
1 7 0 0 0 -1 0 0 0 1 0 0 0 -1 4276.DAT
1 7 0 -8 0 -1 0 0 0 1 0 0 0 -1 3069B.DAT
1 7 0 8 0 -1 0 0 0 1 0 0 0 -1 30236.DAT
1 7 -30 8 0 0 0 -1 0 1 0 1 0 0 6231.DAT
1 7 0 46 10 1 0 0 0 0 1 0 -1 0 2436.DAT
1 7 0 46 18 -1 0 0 0 0 -1 0 -1 0 2412A.DAT
1 7 30 8 0 0 0 -1 0 1 0 1 0 0 4070.DAT
1 7 58 18 0 0 0 1 0 1 0 -1 0 0 4349.DAT
1 7 30 0 0 0 0 1 0 1 0 -1 0 0 4073.DAT
1 7 0 12 20 0 0 -1 0 -1 0 -1 0 0 2555.DAT
1 7 32 18 20 0 0 -1 0 -1 0 -1 0 0 6538A.DAT
1 0 52 18 20 -1 0 0 0 -1 0 0 0 1 32062.DAT
1 7 72 18 20 0 0 1 0 -1 0 1 0 0 6538A.DAT
1 0 92 18 20 1 0 0 0 -1 0 0 0 -1 32062.DAT
1 7 112 18 20 0 0 -1 0 -1 0 -1 0 0 6538A.DAT
1 7 138 18 20 1 0 0 0 0.707107 -0.707107 0 0.707107 0.707107 RAIDmuzzle.ldr
0
0 FILE RAIDrifleR.ldr
0 ROTATION CENTER 0 0 0 1 "Custom" 
0 ROTATION CONFIG 0 0
1 7 0 0 0 -1 0 0 0 1 0 0 0 -1 4276.DAT
1 7 0 -8 0 -1 0 0 0 1 0 0 0 -1 3069B.DAT
1 7 0 8 0 1 0 0 0 1 0 0 0 1 30236.DAT
1 7 -30 8 0 1 0 0 0 1 0 0 0 1 6231.DAT
1 7 0 46 -10 -1 0 0 0 0 1 0 1 0 2436.DAT
1 7 0 46 -18 -1 0 0 0 0 1 0 1 0 2412A.DAT
1 7 30 8 0 0 0 -1 0 1 0 1 0 0 4070.DAT
1 7 58 18 0 0 0 1 0 1 0 -1 0 0 4349.DAT
1 7 30 0 0 0 0 1 0 1 0 -1 0 0 4073.DAT
1 7 0 12 -20 0 0 -1 0 -1 0 -1 0 0 2555.DAT
1 7 32 18 -20 0 0 -1 0 -1 0 -1 0 0 6538A.DAT
1 0 52 18 -20 -1 0 0 0 -1 0 0 0 1 32062.DAT
1 7 72 18 -20 0 0 1 0 -1 0 1 0 0 6538A.DAT
1 0 92 18 -20 1 0 0 0 -1 0 0 0 -1 32062.DAT
1 7 112 18 -20 0 0 -1 0 -1 0 -1 0 0 6538A.DAT
1 7 138 18 -20 1 0 0 0 0.707107 0.707107 0 -0.707107 0.707107 RAIDmuzzle.ldr
0
0 FILE RAIDshinL.ldr
0 ROTATION CENTER 0 0 0 1 "Custom" 
0 ROTATION CONFIG 0 0
1 7 0 0 0 0 -1 0 1 0 0 0 0 1 2654.DAT
1 7 24 0 0 0 -1 0 1 0 0 0 0 1 3941.DAT
1 7 48 -10 0 0 -1 0 0 0 -1 1 0 0 3700.DAT
1 0 38 -20 0 0 -1 0 -1 0 0 0 0 -1 4459.DAT
1 7 32 10 0 0 -1 0 0 0 -1 1 0 0 4623.DAT
1 7 40 10 0 0 -1 0 0 0 -1 1 0 0 3023.DAT
1 7 48 10 0 0 -1 0 0 0 -1 1 0 0 3023.DAT
1 7 72 -10 0 0 -1 0 0 0 -1 1 0 0 3298.DAT
1 7 80 -10 0 0 -1 0 0 0 -1 1 0 0 2412A.DAT
1 7 58 84.16 -13.976 1 0 0 0 0.965926 0.258819 0 -0.258819 0.965926 RAIDfoot.ldr
0
0 FILE RAIDshinR.ldr
0 ROTATION CENTER 0 0 0 1 "Custom" 
0 ROTATION CONFIG 0 0
1 7 0 0 0 0 -1 0 1 0 0 0 0 1 2654.DAT
1 7 24 0 0 0 -1 0 1 0 0 0 0 1 3941.DAT
1 7 48 -10 0 0 -1 0 0 0 -1 1 0 0 3700.DAT
1 0 38 -20 0 0 -1 0 -1 0 0 0 0 -1 4459.DAT
1 7 32 10 0 0 -1 0 0 0 -1 1 0 0 4623.DAT
1 7 40 10 0 0 -1 0 0 0 -1 1 0 0 3023.DAT
1 7 48 10 0 0 -1 0 0 0 -1 1 0 0 3023.DAT
1 7 72 -10 0 0 -1 0 0 0 -1 1 0 0 3298.DAT
1 7 80 -10 0 0 -1 0 0 0 -1 1 0 0 2412A.DAT
1 7 58 84.16 13.976 1 0 0 0 0.965926 -0.258819 0 0.258819 0.965926 RAIDfoot.ldr
0
0 FILE RAIDshoulderL.ldr
0 ROTATION CENTER 0 0 0 1 "Custom" 
0 ROTATION CONFIG 0 0
1 0 0 0 0 0 -1 0 1 0 0 0 0 1 4275.DAT
1 0 -8 -10 0 0 -1 0 1 0 0 0 0 1 6541.DAT
1 0 -8 10 0 0 -1 0 1 0 0 0 0 1 6541.DAT
1 7 -18 -10 10 0 0 -1 0 1 0 1 0 0 4274.DAT
1 7 -18 10 10 0 0 -1 0 1 0 1 0 0 4274.DAT
1 0 -32 -20 -10 0 -1 0 1 0 0 0 0 1 2430.DAT
1 0 -40 -20 -10 0 -1 0 1 0 0 0 0 1 2430.DAT
1 0 8 -20 -10 0 -1 0 1 0 0 0 0 1 2430.DAT
1 0 16 -20 -10 0 -1 0 1 0 0 0 0 1 2430.DAT
1 0 24 0 0 0 -1 0 -1 0 0 0 0 -1 2412A.DAT
1 0 -8 0 18 0 0 -1 1 0 0 0 -1 0 3022.DAT
1 0 -38 0 18 0 0 1 -1 0 0 0 -1 0 4623.DAT
1 0 -18 0 26 -1 0 0 0 0 -1 0 -1 0 3021.DAT
1 0 -18 0 42 0 0 -1 1 0 0 0 -1 0 4531.DAT
1 0 2 0 42 0 0 -1 1 0 0 0 -1 0 4531.DAT
1 0 -38 0 50 0 0 -1 1 0 0 0 -1 0 3937.DAT
1 0 -48.255 -63.193 21.1 0.933013 0.258819 -0.25 -0.25 0.965926 0.0669873 0.258819 0 0.965926 RAIDmissilesL.ldr
1 0 -28.795 0 43.907 0.920505 0 0.390731 0 -1 0 0.390731 0 -0.920505 RAIDbar.ldr
1 0 -8 96.58 59.981 -1 0 0 0 0.965926 0.258819 0 0.258819 -0.965926 RAIDarmour.ldr
1 0 23.981 41.536 0 0.866026 -0.5 0 0.5 0.866026 0 0 0 1 RAIDrifleL.ldr
0
0 FILE RAIDshoulderR.ldr
0 ROTATION CENTER 0 0 0 1 "Custom" 
0 ROTATION CONFIG 0 0
1 0 0 0 0 0 -1 0 1 0 0 0 0 1 4275.DAT
1 0 -8 -10 0 0 -1 0 1 0 0 0 0 1 6541.DAT
1 0 -8 10 0 0 -1 0 1 0 0 0 0 1 6541.DAT
1 7 -18 -10 -10 0 0 1 0 1 0 -1 0 0 4274.DAT
1 7 -18 10 -10 0 0 1 0 1 0 -1 0 0 4274.DAT
1 0 -32 -20 10 0 -1 0 -1 0 0 0 0 -1 2429.DAT
1 0 -40 -20 10 0 -1 0 -1 0 0 0 0 -1 2429.DAT
1 0 8 -20 10 0 -1 0 -1 0 0 0 0 -1 2429.DAT
1 0 16 -20 10 0 -1 0 -1 0 0 0 0 -1 2429.DAT
1 0 24 0 0 0 -1 0 -1 0 0 0 0 -1 2412A.DAT
1 0 -8 0 -18 0 0 -1 -1 0 0 0 1 0 3022.DAT
1 0 -38 0 -18 0 0 1 1 0 0 0 1 0 4623.DAT
1 0 -18 0 -26 -1 0 0 0 0 1 0 1 0 3021.DAT
1 0 -18 0 -42 0 0 1 1 0 0 0 1 0 4531.DAT
1 0 2 0 -42 0 0 1 1 0 0 0 1 0 4531.DAT
1 0 -38 0 -50 0 0 -1 -1 0 0 0 1 0 3937.DAT
1 0 -48.255 -63.193 -21.1 0.933013 0.258819 0.25 -0.25 0.965926 -0.0669873 -0.258819 0 0.965926 RAIDmissilesR.ldr
1 0 -28.795 0 -43.907 0.920505 0 0.390731 0 1 0 -0.390731 0 0.920505 RAIDbar.ldr
1 0 -8 96.58 -59.981 1 0 0 0 0.965926 0.258819 0 -0.258819 0.965926 RAIDarmour.ldr
1 0 23.981 41.536 0 0.866026 -0.5 0 0.5 0.866026 0 0 0 1 RAIDrifleR.ldr
0
0 FILE RAIDskirt.ldr
0 ROTATION CENTER 0 0 0 1 "Custom" 
0 ROTATION CONFIG 0 0
1 7 0 0 0 0 1 0 0 0 -1 -1 0 0 4213.DAT
1 7 -8 20 -20 0 1 0 0 0 -1 -1 0 0 3068B.DAT
1 7 -8 20 20 0 1 0 0 0 -1 -1 0 0 3068B.DAT
1 7 -32 -10 -20 0 1 0 0 0 1 1 0 0 2432.DAT
1 7 -32 -10 20 0 1 0 0 0 1 1 0 0 2432.DAT
0 
0
0
