0 FILE MicMkbody.ldr
0 WRITE LZ-70 Heavy Mecha
0 WRITE Name: LZ70.mpd
0 WRITE Author: Mladen Pejic
0 WRITE Website: http://www3.sympatico.ca/mladenpejic/
0 WRITE E-Mail: mladenpejic@sympatico.ca
0 ROTATION CENTER 0 0 0 1 "Custom" 
0 ROTATION CONFIG 0 0
1 0 0 0 0 1 0 0 0 1 0 0 0 1 axis20x.dat
1 8 8 -100 0 0 -1 0 0 0 1 -1 0 0 2436.DAT
1 8 0 -100 0 0 -1 0 0 0 -1 1 0 0 4623.DAT
1 8 16 -100 0 0 -1 0 0 0 -1 1 0 0 3023.DAT
1 8 4 -78 0 0 1 0 -1 0 0 0 0 1 3062B.DAT
1 8 28 -78 0 -1 0 0 0 1 0 0 0 -1 4274.DAT
1 8 24 -90 -20 0 -1 0 0 0 -1 1 0 0 2430.DAT
1 8 32 -90 20 0 -1 0 0 0 -1 1 0 0 2429.DAT
1 8 42 -12.4 -63.7 1 0 0 0 1 0 0 0 1 MicMkfootR.ldr
1 8 50 -12.4 63.7 1 0 0 0 1 0 0 0 1 MicMkfootL.ldr
1 8 -2 -138 0 0 0 -1 0 1 0 1 0 0 3701.DAT
1 8 -2 -146 -30 1 0 0 0 1 0 0 0 1 4081B.DAT
1 8 -2 -146 30 -1 0 0 0 1 0 0 0 -1 4081B.DAT
1 8 -2 -146 0 0 0 -1 0 1 0 1 0 0 4623.DAT
1 8 8 -128 0 1 0 0 0 1 0 0 0 1 4274.DAT
1 8 16 -128 0 0 -1 0 1 0 0 0 0 1 3024.DAT
1 8 24 -128 0 0 -1 0 1 0 0 0 0 1 3070BP06.DAT
1 8 -22 -128 -20 0 1 0 0 0 -1 -1 0 0 4349.DAT
1 8 -22 -128 20 0 1 0 0 0 -1 -1 0 0 4349.DAT
1 8 -22 -106 0 0 0 -1 0 1 0 1 0 0 3623.DAT
1 4 -22 -98 20 1 0 0 0 1 0 0 0 1 4589.DAT
1 4 -22 -98 -20 1 0 0 0 1 0 0 0 1 4589.DAT
1 8 -22 -114 0 0 0 1 0 1 0 -1 0 0 4085C.DAT
1 8 -22 -138 0 1 0 0 0 1 0 0 0 1 3062B.DAT
1 8 -22 -146 0 0 0 1 0 1 0 -1 0 0 4085C.DAT
1 8 -2 -154 -20 0 0 -1 0 1 0 1 0 0 3794.DAT
1 8 -2 -154 20 0 0 -1 0 1 0 1 0 0 3794.DAT
1 8 -22 -154 0 0 0 -1 0 1 0 1 0 0 3623.DAT
1 8 -12 -162 -20 1 0 0 0 1 0 0 0 1 2412A.DAT
1 8 -12 -162 20 1 0 0 0 1 0 0 0 1 2412A.DAT
1 8 -22 -162 0 1 0 0 0 1 0 0 0 1 3070BP06.DAT
1 8 -42 -178 0 -1 0 0 0 -1 0 0 0 1 3957.DAT
1 46 -42 -186 0 -1 0 0 0 -1 0 0 0 1 4073.DAT
1 46 18 -136.7 -25 -1 0 0 0 0.866025 0.5 0 0.5 -0.866025 MicMkarmR.ldr
1 46 18 -136.7 25 1 0 0 0 0.866025 0.5 0 -0.5 0.866025 MicMkarmL.ldr
1 46 25.8 -152 -1.5 0.965926 0 0.258819 0 1 0 -0.258819 0 0.965926 MicMkhead.ldr
1 46 4 -165.3 55.7 1 0 0 0 0.965926 0.258819 0 -0.258819 0.965926 MicMklrmL.ldr
1 46 4 -165.3 -55.7 1 0 0 0 0.965926 -0.258819 0 0.258819 0.965926 MicMklrmR.ldr
0
0 FILE MicMkarmL.ldr
0 ROTATION CENTER 0 0 0 1 "Custom" 
0 ROTATION CONFIG 0 0
1 8 0 10 0 1 0 0 0 -1 0 0 0 -1 6536.DAT
1 8 -10 10 0 1 0 0 0 1 0 0 0 1 3749.DAT
1 8 0 -10 10 1 0 0 0 0 -1 0 1 0 2433.DAT
1 8 0 -10 -10 1 0 0 0 0 1 0 -1 0 4073.DAT
1 8 18.8 -10 75.7 0.965926 0 -0.258819 0 1 0 0.258819 0 0.965926 MicMkguns.ldr
0
0 FILE MicMkarmR.ldr
0 ROTATION CENTER 0 0 0 1 "Custom" 
0 ROTATION CONFIG 0 0
1 8 0 10 0 1 0 0 0 -1 0 0 0 -1 6536.DAT
1 8 10 10 0 -1 0 0 0 1 0 0 0 -1 3749.DAT
1 8 0 -10 10 1 0 0 0 0 -1 0 1 0 2433.DAT
1 8 0 -10 -10 1 0 0 0 0 1 0 -1 0 4073.DAT
1 8 -18.8 -10 75.7 -0.965926 0 0.258819 0 -1 0 0.258819 0 0.965926 MicMkguns.ldr
0
0 FILE MicMkfootL.ldr
0 ROTATION CENTER 0 0 0 1 "Custom" 
0 ROTATION CONFIG 0 0
1 8 -10 0 -10 0 1 0 1 0 0 0 0 -1 3665.DAT
1 8 -18 0 0 0 1 0 0 0 1 1 0 0 4623.DAT
1 8 -42 0 10 0 1 0 -1 0 0 0 0 1 3062B.DAT
1 8 -42 0 -10 0 1 0 -1 0 0 0 0 1 3062B.DAT
1 8 -50 0 0 0 1 0 0 0 1 1 0 0 2540.DAT
1 8 -82 0 0 0 1 0 0 0 1 1 0 0 2432.DAT
1 8 -36 -56.6 -20 1 0 0 0 0.866025 -0.5 0 0.5 0.866025 MicMklegL.ldr
0
0 FILE MicMkfootR.ldr
0 ROTATION CENTER 0 0 0 1 "Custom" 
0 ROTATION CONFIG 0 0
1 8 -10 0 10 0 1 0 -1 0 0 0 0 1 3665.DAT
1 8 -18 0 0 0 1 0 0 0 1 1 0 0 4623.DAT
1 8 -42 0 10 0 1 0 -1 0 0 0 0 1 3062B.DAT
1 8 -42 0 -10 0 1 0 -1 0 0 0 0 1 3062B.DAT
1 8 -50 0 0 0 1 0 0 0 1 1 0 0 2540.DAT
1 8 -82 0 0 0 1 0 0 0 1 1 0 0 2432.DAT
1 8 -36 -56.6 20 1 0 0 0 0.866025 0.5 0 -0.5 0.866025 MicMklegR.ldr
0
0 FILE MicMkguns.ldr
0 ROTATION CENTER 0 0 0 1 "Custom" 
0 ROTATION CONFIG 0 0
1 8 34 0 -10 0 -1 0 -1 0 0 0 0 -1 2449.DAT
1 8 4 0 -20 -1 0 0 0 0 -1 0 -1 0 4276.DAT
1 8 58 0 10 0 -1 0 1 0 0 0 0 1 4589.DAT
1 8 58 0 -10 0 -1 0 1 0 0 0 0 1 4589.DAT
0
0 FILE MicMkhead.ldr
0 ROTATION CENTER 0 0 0 1 "Custom" 
0 ROTATION CONFIG 0 0
1 8 0 0 0 0 1 0 0 0 1 1 0 0 2555.DAT
1 36 8 0 0 0 1 0 -1 0 0 0 0 1 4073.DAT
0
0 FILE MicMklegL.ldr
0 ROTATION CENTER 0 0 0 1 "Custom" 
0 ROTATION CONFIG 0 0
1 8 10 -20 0 0 -1 0 0 0 -1 1 0 0 4287.DAT
1 8 18 -30 -10 0 -1 0 1 0 0 0 0 1 2430.DAT
1 8 18 20 0 0 -1 0 0 0 -1 1 0 0 4085C.DAT
1 8 26 10 0 0 -1 0 1 0 0 0 0 1 2412A.DAT
1 8 26 -20 0 0 -1 0 1 0 0 0 0 1 4073.DAT
0
0 FILE MicMklegR.ldr
0 ROTATION CENTER 0 0 0 1 "Custom" 
0 ROTATION CONFIG 0 0
1 8 10 -20 0 0 -1 0 0 0 -1 1 0 0 4287.DAT
1 8 18 -30 10 0 -1 0 -1 0 0 0 0 -1 2429.DAT
1 8 18 20 0 0 -1 0 0 0 -1 1 0 0 4085C.DAT
1 8 26 10 0 0 -1 0 1 0 0 0 0 1 2412A.DAT
1 8 26 -20 0 0 -1 0 1 0 0 0 0 1 4073.DAT
0
0 FILE MicMklrmL.ldr
0 ROTATION CENTER 0 0 0 1 "Custom" 
0 ROTATION CONFIG 0 0
1 8 10 0 0 0 -1 0 0 0 -1 1 0 0 3004.DAT
1 8 -14 0 0 0 -1 0 0 0 -1 1 0 0 4623.DAT
1 8 -22 0 -10 0 -1 0 -1 0 0 0 0 -1 3665.DAT
1 4 18 0 10 0 -1 0 1 0 0 0 0 1 4073.DAT
1 4 18 0 -10 0 -1 0 1 0 0 0 0 1 4073.DAT
0
0 FILE MicMklrmR.ldr
0 ROTATION CENTER 0 0 0 1 "Custom" 
0 ROTATION CONFIG 0 0
1 8 10 0 0 0 -1 0 0 0 -1 1 0 0 3004.DAT
1 8 -14 0 0 0 -1 0 0 0 -1 1 0 0 4623.DAT
1 8 -22 0 10 0 -1 0 1 0 0 0 0 1 3665.DAT
1 4 18 0 10 0 -1 0 1 0 0 0 0 1 4073.DAT
1 4 18 0 -10 0 -1 0 1 0 0 0 0 1 4073.DAT
0 
0
0
