0 FILE Troll.ldr
0 WRITE "Troll" Infantry Support Mecha
0 WRITE Name: Troll.mpd
0 WRITE Author: Mladen Pejic
0 WRITE Website: http://www3.sympatico.ca/mladenpejic/
0 WRITE E-Mail: mladenpejic@sympatico.ca
0 ROTATION CENTER 0 0 0 1 "Custom" 
0 ROTATION CONFIG 0 0
1 0 0 0 0 1 0 0 0 1 0 0 0 1 axis20x.dat
1 0 -20 -143 0 1 0 0 0 1 0 0 0 1 Trollwaist.ldr
1 0 8 -173 0 1 0 0 0 1 0 0 0 1 Trolltorso.ldr
0
0 FILE Trollantenna.ldr
0 ROTATION CENTER 0 0 0 1 "Custom" 
0 ROTATION CONFIG 0 0
1 8 0 0 0 0 0 1 0 1 0 -1 0 0 3938.DAT
1 8 0 -8 -10 1 0 0 0 1 0 0 0 1 3957.DAT
1 8 0 -24 10 1 0 0 0 1 0 0 0 1 3062B.DAT
1 8 0 -32 10 1 0 0 0 1 0 0 0 1 4085C.DAT
1 8 0 -40 10 1 0 0 0 1 0 0 0 1 3957.DAT
0
0 FILE TrollarmL.ldr
0 ROTATION CENTER 0 0 0 1 "Custom" 
0 ROTATION CONFIG 0 0
1 6 0 0 0 0 0 1 0 1 0 -1 0 0 2444.DAT
1 8 0 10 -22 0 -1 0 -1 0 0 0 0 -1 6048.DAT
1 8 0 7 -45 0 -1 0 0.965926 0 0.258819 -0.258819 0 0.965926 6217.DAT
1 6 0 -8 0 -1 0 0 0 1 0 0 0 -1 4859.DAT
1 36 -10 -8 30 1 0 0 0 1 0 0 0 1 4073.DAT
1 36 10 -8 30 1 0 0 0 1 0 0 0 1 4073.DAT
1 6 0 -32 -30 -1 0 0 0 1 0 0 0 -1 30363.DAT
1 6 12 12 30 0 -1 0 1 0 0 0 0 1 4081B.DAT
1 6 -12 12 30 0 1 0 -1 0 0 0 0 1 4081B.DAT
1 8 4 12 30 0 -1 0 1 0 0 0 0 1 4073.DAT
1 8 36 12 30 0 -1 0 1 0 0 0 0 1 4589.DAT
1 8 -36 12 30 0 1 0 -1 0 0 0 0 1 4589.DAT
1 6 0 24 10 -1 0 0 0 -1 0 0 0 1 30383.DAT
1 6 -5 85 10 0.382683 -0.92388 0 0.92388 0.382683 0 0 0 1 TrollforearmL.ldr
0
0 FILE TrollarmR.ldr
0 ROTATION CENTER 0 0 0 1 "Custom" 
0 ROTATION CONFIG 0 0
1 6 0 0 0 0 0 -1 0 1 0 1 0 0 2444.DAT
1 8 0 10 22 0 -1 0 1 0 0 0 0 1 6048.DAT
1 8 0 7 45 0 -1 0 -0.965926 0 0.258819 -0.258819 0 -0.965926 6217.DAT
1 6 0 -8 0 1 0 0 0 1 0 0 0 1 4859.DAT
1 34 -10 -8 -30 1 0 0 0 1 0 0 0 1 4073.DAT
1 34 10 -8 -30 1 0 0 0 1 0 0 0 1 4073.DAT
1 6 0 -32 30 1 0 0 0 1 0 0 0 1 30363.DAT
1 6 12 12 -30 0 -1 0 -1 0 0 0 0 -1 4081B.DAT
1 6 -12 12 -30 0 1 0 1 0 0 0 0 -1 4081B.DAT
1 8 4 12 -30 0 -1 0 1 0 0 0 0 1 4073.DAT
1 8 36 12 -30 0 -1 0 1 0 0 0 0 1 4589.DAT
1 8 -36 12 -30 0 1 0 -1 0 0 0 0 1 4589.DAT
1 6 0 24 -10 -1 0 0 0 -1 0 0 0 1 30383.DAT
1 6 -5 85 -10 0.382683 -0.92388 0 0.92388 0.382683 0 0 0 1 TrollforearmR.ldr
0
0 FILE Trolleye.ldr
0 ROTATION CENTER 0 0 0 1 "Custom" 
0 ROTATION CONFIG 0 0
1 8 0 0 0 0 0 1 0 1 0 -1 0 0 3938.DAT
1 8 0 -8 -10 1 0 0 0 1 0 0 0 1 4073.DAT
1 36 0 -8 10 1 0 0 0 1 0 0 0 1 3070A.DAT
0
0 FILE TrollfootL.ldr
0 ROTATION CENTER 0 0 0 1 "Custom" 
0 ROTATION CONFIG 0 0
1 8 0 0 0 0 1 0 0 0 -1 -1 0 0 3623.DAT
1 6 8 0 20 0 1 0 -1 0 0 0 0 1 3062B.DAT
1 6 8 0 0 0 1 0 -1 0 0 0 0 1 3062B.DAT
1 6 8 0 -20 0 1 0 -1 0 0 0 0 1 3062B.DAT
1 6 34 0 -20 1 0 0 0 1 0 0 0 1 4274.DAT
1 6 34 0 0 1 0 0 0 1 0 0 0 1 4274.DAT
1 6 34 0 20 1 0 0 0 1 0 0 0 1 4274.DAT
1 8 29 0 -20 0 -1 0 0 0 1 -1 0 0 37.DAT
1 8 29 0 0 0 -1 0 0 0 1 -1 0 0 37.DAT
1 8 29 0 20 0 -1 0 0 0 1 -1 0 0 37.DAT
1 6 -24 0 0 0 1 0 1 0 0 0 0 -1 3040B.DAT
1 6 -24 0 -20 0 1 0 -1 0 0 0 0 1 3024.DAT
1 6 -56 0 -10 0 1 0 0 0 1 1 0 0 2432.DAT
0
0 FILE TrollfootR.ldr
0 ROTATION CENTER 0 0 0 1 "Custom" 
0 ROTATION CONFIG 0 0
1 8 0 0 0 0 1 0 0 0 -1 -1 0 0 3623.DAT
1 6 8 0 20 0 1 0 -1 0 0 0 0 1 3062B.DAT
1 6 8 0 0 0 1 0 -1 0 0 0 0 1 3062B.DAT
1 6 8 0 -20 0 1 0 -1 0 0 0 0 1 3062B.DAT
1 6 34 0 -20 1 0 0 0 1 0 0 0 1 4274.DAT
1 6 34 0 0 1 0 0 0 1 0 0 0 1 4274.DAT
1 6 34 0 20 1 0 0 0 1 0 0 0 1 4274.DAT
1 8 29 0 -20 0 -1 0 0 0 1 -1 0 0 37.DAT
1 8 29 0 0 0 -1 0 0 0 1 -1 0 0 37.DAT
1 8 29 0 20 0 -1 0 0 0 1 -1 0 0 37.DAT
1 6 -24 0 0 0 1 0 -1 0 0 0 0 1 3040B.DAT
1 6 -24 0 20 0 1 0 -1 0 0 0 0 1 3024.DAT
1 6 -56 0 10 0 1 0 0 0 1 1 0 0 2432.DAT
0
0 FILE TrollforearmL.ldr
0 ROTATION CENTER 0 0 0 1 "Custom" 
0 ROTATION CONFIG 0 0
1 6 0 0 0 1 0 0 0 1 0 0 0 1 3710.DAT
1 6 -20 -24 0 -1 0 0 0 1 0 0 0 -1 30365.DAT
1 6 10 -24 0 1 0 0 0 1 0 0 0 1 4070.DAT
1 6 30 -24 0 0 0 1 0 1 0 -1 0 0 6541.DAT
1 8 10 -14 -20 0 0 -1 -1 0 0 0 1 0 3959.DAT
1 8 2 -14 -20 0 -1 0 1 0 0 0 0 1 3062B.DAT
1 8 0 -32 0 -1 0 0 0 1 0 0 0 -1 2436.DAT
1 8 -30 -32 0 1 0 0 0 1 0 0 0 1 3024.DAT
1 8 30 -32 0 1 0 0 0 1 0 0 0 1 3024.DAT
1 6 -20 -64 0 -1 0 0 0 1 0 0 0 -1 2432.DAT
1 6 20 -40 0 1 0 0 0 1 0 0 0 1 2412A.DAT
1 6 -10 -12 38 0 0 1 -1 0 0 0 -1 0 3039.DAT
1 6 10 -12 38 0 0 -1 1 0 0 0 -1 0 3039.DAT
1 6 40 -14 0 1 0 0 0 0.965926 -0.258819 0 0.258819 0.965926 TrollhandL.ldr
0
0 FILE TrollforearmR.ldr
0 ROTATION CENTER 0 0 0 1 "Custom" 
0 ROTATION CONFIG 0 0
1 6 0 0 0 1 0 0 0 1 0 0 0 1 3710.DAT
1 6 -20 -24 0 -1 0 0 0 1 0 0 0 -1 30365.DAT
1 6 10 -24 0 -1 0 0 0 1 0 0 0 -1 4070.DAT
1 6 30 -24 0 0 0 1 0 1 0 -1 0 0 6541.DAT
1 8 10 -14 20 0 0 -1 1 0 0 0 -1 0 3959.DAT
1 8 2 -14 20 0 -1 0 1 0 0 0 0 1 3062B.DAT
1 8 0 -32 0 1 0 0 0 1 0 0 0 1 2436.DAT
1 8 -30 -32 0 1 0 0 0 1 0 0 0 1 3024.DAT
1 8 30 -32 0 1 0 0 0 1 0 0 0 1 3024.DAT
1 6 -20 -64 0 1 0 0 0 1 0 0 0 1 2432.DAT
1 6 20 -40 0 1 0 0 0 1 0 0 0 1 2412A.DAT
1 6 -10 -12 -38 0 0 1 1 0 0 0 1 0 3039.DAT
1 6 10 -12 -38 0 0 -1 -1 0 0 0 1 0 3039.DAT
1 6 40 -14 0 1 0 0 0 0.965926 0.258819 0 -0.258819 0.965926 TrollhandR.ldr
0
0 FILE Trollfuel.ldr
0 ROTATION CENTER 0 0 0 1 "Custom" 
0 ROTATION CONFIG 0 0
1 14 0 0 0 0 -1 0 1 0 0 0 0 1 2654.DAT
1 4 8 0 0 0 -1 0 1 0 0 0 0 1 4032.DAT
1 14 56 0 0 0 -1 0 1 0 0 0 0 1 3942B.DAT
1 8 64 0 0 0 -1 0 -1 0 0 0 0 -1 6019.DAT
0
0 FILE Trollfuelhinge.ldr
0 ROTATION CENTER 0 0 0 1 "Custom" 
0 ROTATION CONFIG 0 0
1 8 0 0 0 0 0 1 -1 0 0 0 -1 0 3794.DAT
1 8 0 0 -8 0 0 1 -1 0 0 0 -1 0 2540.DAT
1 8 -50 0 -68 0.707107 0 -0.707107 0 1 0 0.707107 0 0.707107 Trollfuel.ldr
0
0 FILE TrollhandL.ldr
0 ROTATION CENTER 0 0 0 1 "Custom" 
0 ROTATION CONFIG 0 0
1 6 0 0 0 0 1 0 -1 0 0 0 0 1 3794.DAT
1 6 8 0 0 0 1 0 1 0 0 0 0 -1 2540.DAT
1 6 16 -10 0 0 1 0 -1 0 0 0 0 1 3062B.DAT
1 6 16 10 0 0 1 0 -1 0 0 0 0 1 3062B.DAT
1 6 42 10 0 1 0 0 0 1 0 0 0 1 3749.DAT
1 6 42 -10 0 1 0 0 0 1 0 0 0 1 3749.DAT
1 8 62 -10 0 0 0 1 0 1 0 -1 0 0 6538A.DAT
1 8 62 10 0 0 0 1 0 1 0 -1 0 0 6538A.DAT
1 6 16 0 20 0 1 0 0 0 -1 -1 0 0 2555.DAT
1 6 28 20 22 1 0 0 0 0 1 0 -1 0 4081B.DAT
1 36 28 20 30 1 0 0 0 0 1 0 -1 0 4073.DAT
1 8 56 0 20 0 -1 0 1 0 0 0 0 1 3062B.DAT
1 8 108 0 20 0 1 0 -1 0 0 0 0 1 3957.DAT
0
0 FILE TrollhandR.ldr
0 ROTATION CENTER 0 0 0 1 "Custom" 
0 ROTATION CONFIG 0 0
1 6 0 0 0 0 1 0 -1 0 0 0 0 1 3794.DAT
1 6 8 0 0 0 1 0 -1 0 0 0 0 1 2540.DAT
1 6 16 -10 0 0 1 0 -1 0 0 0 0 1 3062B.DAT
1 6 16 10 0 0 1 0 -1 0 0 0 0 1 3062B.DAT
1 6 42 10 0 1 0 0 0 1 0 0 0 1 4274.DAT
1 6 42 -10 0 1 0 0 0 1 0 0 0 1 4274.DAT
1 8 37 -10 0 0 -1 0 1 0 0 0 0 1 37.DAT
1 8 37 10 0 0 -1 0 1 0 0 0 0 1 37.DAT
0
0 FILE Trollhatch.ldr
0 ROTATION CENTER 0 0 0 1 "Custom" 
0 ROTATION CONFIG 0 0
1 8 0 0 0 0 0 1 0 1 0 -1 0 0 6134.DAT
1 15 0 -8 0 0 0 1 0 1 0 -1 0 0 3069BP68.DAT
1 6 20 -24 -10 1 0 0 0 1 0 0 0 1 3665.DAT
1 6 20 -24 10 -1 0 0 0 1 0 0 0 -1 3665.DAT
1 6 20 -48 0 0 0 1 0 1 0 -1 0 0 3700.DAT
1 8 30 -38 0 1 0 0 0 1 0 0 0 1 4274.DAT
1 6 0 -48 -10 0 0 1 0 1 0 -1 0 0 4070.DAT
1 6 0 -48 10 0 0 1 0 1 0 -1 0 0 4070.DAT
1 15 -14 -38 0 0 1 0 0 0 1 1 0 0 3069P30.DAT
1 6 20 -48 -30 1 0 0 0 1 0 0 0 1 4070.DAT
1 6 0 -48 -30 1 0 0 0 1 0 0 0 1 4070.DAT
1 6 0 -48 30 -1 0 0 0 1 0 0 0 -1 4070.DAT
1 6 20 -48 30 -1 0 0 0 1 0 0 0 -1 4070.DAT
1 6 10 -38 -68 -1 0 0 0 0 1 0 1 0 2432.DAT
1 6 10 -38 68 1 0 0 0 0 1 0 -1 0 2432.DAT
1 6 10 -72 -10 1 0 0 0 1 0 0 0 1 3039.DAT
1 6 10 -72 10 -1 0 0 0 1 0 0 0 -1 3039.DAT
1 6 10 -80 0 1 0 0 0 1 0 0 0 1 4150.DAT
1 6 46 -38 0 0 -1 0 1 0 0 0 0 1 3960.DAT
0
0 FILE Trollhead.ldr
0 ROTATION CENTER 0 0 0 1 "Custom" 
0 ROTATION CONFIG 0 0
1 6 0 0 0 0 -1 0 0 0 -1 1 0 0 3700.DAT
1 8 -24 0 0 0 -1 0 0 0 1 -1 0 0 2540.DAT
1 6 -32 0 10 0 -1 0 1 0 0 0 0 1 4073.DAT
1 6 -32 0 -10 0 -1 0 1 0 0 0 0 1 4073.DAT
1 6 8 0 0 0 -1 0 0 0 1 -1 0 0 2436.DAT
1 6 32 0 0 0 -1 0 0 0 1 -1 0 0 3937.DAT
1 8 -2 -22 0 1 0 0 0 1 0 0 0 1 4150.DAT
1 8 -2 -22 -30 0 0 1 0 1 0 -1 0 0 4592.DAT
1 8 -2 -22 30 0 0 1 0 1 0 -1 0 0 4592.DAT
1 8 -2 -24 -30 0 0.707107 0.707107 0 0.707107 -0.707107 -1 0 0 4593.DAT
1 8 -2 -24 30 0 0.707107 0.707107 0 0.707107 -0.707107 -1 0 0 4593.DAT
1 8 32 -2.5 0 0.258819 -0.965926 0 0.965926 0.258819 0 0 0 1 Trolleye.ldr
0
0 FILE TrollhipL.ldr
0 ROTATION CENTER 0 0 0 1 "Custom" 
0 ROTATION CONFIG 0 0
1 6 0 0 0 1 0 0 0 1 0 0 0 1 2654.DAT
1 6 0 -8 10 0 0 1 0 1 0 -1 0 0 3021.DAT
1 6 10 -32 -10 0 0 1 0 1 0 -1 0 0 6541.DAT
1 8 -2 -22 -10 0 0 -1 0 1 0 1 0 0 6048.DAT
1 8 -17 -22 -21.5 0.965926 0 0.258819 0 1 0 -0.258819 0 0.965926 6217.DAT
1 6 0 -32 10 1 0 0 0 1 0 0 0 1 30365.DAT
1 6 0 -32 30 1 0 0 0 1 0 0 0 1 3700.DAT
1 8 0 -22 40 0 0 1 0 1 0 -1 0 0 4459.DAT
1 6 0 -56 -10 -1 0 0 0 1 0 0 0 -1 3298.DAT
1 6 -11 18.5 50 0.258819 -0.965926 0 -0.965926 -0.258819 0 0 0 -1 TrollVPL.ldr
1 6 67.5 17.5 0 0.92388 -0.382683 0 0.382683 0.92388 0 0 0 1 TrollshinL.ldr
0
0 FILE TrollhipR.ldr
0 ROTATION CENTER 0 0 0 1 "Custom" 
0 ROTATION CONFIG 0 0
1 6 0 0 0 1 0 0 0 1 0 0 0 1 2654.DAT
1 6 0 -8 -10 0 0 1 0 1 0 -1 0 0 3021.DAT
1 6 10 -32 10 0 0 1 0 1 0 -1 0 0 6541.DAT
1 8 -2 -22 10 0 0 -1 0 1 0 1 0 0 6048.DAT
1 8 -17 -22 21.5 -0.965926 0 0.258819 0 1 0 -0.258819 0 -0.965926 6217.DAT
1 6 0 -32 -10 1 0 0 0 1 0 0 0 1 30365.DAT
1 6 0 -32 -30 1 0 0 0 1 0 0 0 1 3700.DAT
1 8 0 -22 -40 0 0 1 0 1 0 -1 0 0 4459.DAT
1 6 0 -56 10 1 0 0 0 1 0 0 0 1 3298.DAT
1 6 -11 18.5 -50 0.258819 0.965926 0 -0.965926 0.258819 0 0 0 1 TrollVPL.ldr
1 6 67.5 17.5 0 0.92388 -0.382683 0 0.382683 0.92388 0 0 0 1 TrollshinR.ldr
0
0 FILE Trollpilot.ldr
0 ROTATION CENTER 0 0 0 1 "Custom" 
0 ROTATION CONFIG 0 0
1 8 0 -5 0 0 0 1 0 1 0 -1 0 0 970.DAT
1 14 0 7 0 0 1 0 0 0 1 1 0 0 971.DAT
1 14 0 7 0 0 1 0 0 0 1 1 0 0 972.DAT
1 14 0 -37 0 0 0 -1 0 1 0 1 0 0 973PS1.DAT
1 14 0 -28 0 0 0.707107 -0.707107 0 0.707107 0.707107 1 0 0 975.DAT
1 14 0 -28 0 0 0.707107 -0.707107 0 0.707107 0.707107 1 0 0 976.DAT
1 8 25 -24 -23 -1 0 0 0 1 0 0 0 -1 977.DAT
1 8 25 -24 23 -1 0 0 0 1 0 0 0 -1 977.DAT
1 6 0 -61 0 0 0 -1 0 1 0 1 0 0 3626BP05.DAT
1 14 0 -62 0 0 0 -1 0 1 0 1 0 0 2446.DAT
1 33 0 -62 0 0 0 -1 0 1 0 1 0 0 2447.DAT
0
0 FILE TrollshinL.ldr
0 ROTATION CENTER 0 0 0 1 "Custom" 
0 ROTATION CONFIG 0 0
1 6 0 0 0 1 0 0 0 1 0 0 0 1 2654.DAT
1 6 -10 -8 0 1 0 0 0 1 0 0 0 1 3021.DAT
1 6 -20 -32 10 -1 0 0 0 1 0 0 0 -1 30364.DAT
1 6 10 -32 10 1 0 0 0 1 0 0 0 1 4070.DAT
1 6 10 -22 -4 0 0 1 1 0 0 0 1 0 2555.DAT
1 6 36 -18 -10 0 0 1 0 -1 0 1 0 0 4735.DAT
1 14 -30 -32 -10 1 0 0 0 1 0 0 0 1 3062B.DAT
1 36 10 -22 20 1 0 0 0 0 -1 0 1 0 4073.DAT
1 8 -20 -22 20 0 0 1 1 0 0 0 1 0 3069B.DAT
1 6 20 -22 28 0 0 1 1 0 0 0 1 0 3747.DAT
1 6 10 -56 0 0 0 1 0 1 0 -1 0 0 3298.DAT
1 6 41 -34 9 0 0.965926 0.258819 -1 0 0 0 -0.258819 0.965926 TrollfootL.ldr
0
0 FILE TrollshinR.ldr
0 ROTATION CENTER 0 0 0 1 "Custom" 
0 ROTATION CONFIG 0 0
1 6 0 0 0 1 0 0 0 1 0 0 0 1 2654.DAT
1 6 -10 -8 0 1 0 0 0 1 0 0 0 1 3021.DAT
1 6 -20 -32 -10 -1 0 0 0 1 0 0 0 -1 30364.DAT
1 6 10 -32 -10 -1 0 0 0 1 0 0 0 -1 4070.DAT
1 6 10 -22 4 0 0 1 -1 0 0 0 -1 0 2555.DAT
1 6 36 -18 10 0 0 1 0 -1 0 1 0 0 4735.DAT
1 14 -30 -32 10 1 0 0 0 1 0 0 0 1 3062B.DAT
1 34 10 -22 -20 1 0 0 0 0 1 0 -1 0 4073.DAT
1 8 -20 -22 -20 0 0 1 -1 0 0 0 -1 0 3069B.DAT
1 6 20 -22 -28 0 0 1 -1 0 0 0 -1 0 3747.DAT
1 6 10 -56 0 0 0 1 0 1 0 -1 0 0 3298.DAT
1 6 41 -34 -9 0 0.965926 -0.258819 -1 0 0 0 0.258819 0.965926 TrollfootR.ldr
0
0 FILE Trolltorso.ldr
0 ROTATION CENTER 0 0 0 1 "Custom" 
0 ROTATION CONFIG 0 0
1 8 0 0 0 1 0 0 0 1 0 0 0 1 3679.DAT
1 6 -10 -24 0 0 0 1 0 1 0 -1 0 0 4855.DAT
1 6 20 -24 0 1 0 0 0 1 0 0 0 1 4871.DAT
1 6 -30 -24 0 0 0 1 0 1 0 -1 0 0 3023.DAT
1 8 -30 -32 0 0 0 1 0 1 0 -1 0 0 3023.DAT
1 6 30 -32 0 0 0 -1 0 1 0 1 0 0 3937.DAT
1 6 -8 -24 0 1 0 0 0 1 0 0 0 1 Trollpilot.ldr
1 8 10 -32 -50 1 0 0 0 1 0 0 0 1 2450.DAT
1 8 10 -32 50 0 0 -1 0 1 0 1 0 0 2450.DAT
1 8 -60 -32 0 0 0 1 0 1 0 -1 0 0 4859.DAT
1 6 -40 -40 0 1 0 0 0 1 0 0 0 1 4032.DAT
1 6 -70 -40 0 0 0 1 0 1 0 -1 0 0 2540.DAT
1 6 -30 -64 -10 1 0 0 0 1 0 0 0 1 3665.DAT
1 6 -30 -64 10 -1 0 0 0 1 0 0 0 -1 3665.DAT
1 6 -60 -64 -10 1 0 0 0 1 0 0 0 1 3700.DAT
1 6 -60 -64 10 1 0 0 0 1 0 0 0 1 3700.DAT
1 6 0 -80 -30 -1 0 0 0 1 0 0 0 -1 4864B.DAT
1 6 0 -80 30 1 0 0 0 1 0 0 0 1 4864B.DAT
1 6 30 -56 -30 -1 0 0 0 1 0 0 0 -1 6231.DAT
1 6 30 -56 30 0 0 1 0 1 0 -1 0 0 6231.DAT
1 6 -30 -88 -10 -1 0 0 0 1 0 0 0 -1 2357.DAT
1 6 -30 -88 10 0 0 -1 0 1 0 1 0 0 2357.DAT
1 6 -70 -88 0 0 0 1 0 1 0 -1 0 0 3937.DAT
1 6 -60 -54 -20 0.788011 -0.615661 0 0.615661 0.788011 0 0 0 1 Trollfuelhinge.ldr
1 6 -60 -54 20 0.788011 0.615661 0 0.615661 -0.788011 0 0 0 -1 Trollfuelhinge.ldr
1 6 -77 -85 0 0.707107 0.707107 0 -0.707107 0.707107 0 0 0 1 Trollantenna.ldr
1 6 -30 -112 0 0 0 1 0 1 0 -1 0 0 3039.DAT
1 6 0 -88 -30 1 0 0 0 1 0 0 0 1 3023.DAT
1 6 0 -88 30 1 0 0 0 1 0 0 0 1 3023.DAT
1 6 -10 -96 -30 1 0 0 0 1 0 0 0 1 3623.DAT
1 6 -10 -96 30 1 0 0 0 1 0 0 0 1 3623.DAT
1 6 -20 -104 -40 0 0 1 0 1 0 -1 0 0 2444.DAT
1 6 -20 -104 40 0 0 -1 0 1 0 1 0 0 2444.DAT
1 6 10 -104 -30 1 0 0 0 1 0 0 0 1 4081B.DAT
1 6 10 -104 30 -1 0 0 0 1 0 0 0 -1 4081B.DAT
1 46 22 -102 -50 0 -1 0 1 0 0 0 0 1 4073.DAT
1 46 22 -102 50 0 -1 0 1 0 0 0 0 1 4073.DAT
1 6 0 -112 0 0 0 1 0 1 0 -1 0 0 3020.DAT
1 6 -30 -112 -30 0 0 1 0 1 0 -1 0 0 4081B.DAT
1 6 -30 -112 30 0 0 1 0 1 0 -1 0 0 4081B.DAT
1 34 -50 -110 -42 1 0 0 0 0 -1 0 1 0 4073.DAT
1 36 -50 -110 42 1 0 0 0 0 1 0 -1 0 4073.DAT
1 14 -20 -112 -50 1 0 0 0 1 0 0 0 1 3069BP09.DAT
1 14 -20 -112 50 -1 0 0 0 1 0 0 0 -1 3069BP09.DAT
1 6 10 -120 0 0 0 1 0 1 0 -1 0 0 2431.DAT
1 6 -20 -120 -30 1 0 0 0 1 0 0 0 1 2412A.DAT
1 6 -20 -120 30 1 0 0 0 1 0 0 0 1 2412A.DAT
1 6 -20 -120 0 1 0 0 0 1 0 0 0 1 2460.DAT
1 6 30 -32 0 1 0 0 0 1 0 0 0 1 Trollhatch.ldr
1 6 -10.5 -130 -2.5 0.965926 0 0.258819 0 1 0 -0.258819 0 0.965926 Trollhead.ldr
1 6 -25 -112 -103.7 0.965926 0.25 0.0669873 -0.258819 0.933013 0.25 0 -0.258819 0.965926 TrollarmR.ldr
1 6 -25 -112 103.7 0.965926 0.25 -0.0669873 -0.258819 0.933013 -0.25 0 0.258819 0.965926 TrollarmL.ldr
0
0 FILE TrollVPL.ldr
0 ROTATION CENTER 0 0 0 1 "Custom" 
0 ROTATION CONFIG 0 0
1 6 0 0 0 0 1 0 -1 0 0 0 0 1 2432.DAT
1 6 32 0 0 0 1 0 -1 0 0 0 0 1 3700.DAT
1 8 56 -10 0 0 1 0 -1 0 0 0 0 1 3062B.DAT
1 8 56 10 0 0 1 0 -1 0 0 0 0 1 3062B.DAT
0
0 FILE Trollwaist.ldr
0 ROTATION CENTER 0 0 0 1 "Custom" 
0 ROTATION CONFIG 0 0
1 6 0 0 0 0 -1 0 0 0 -1 1 0 0 3660.DAT
1 6 8 20 0 0 -1 0 0 0 -1 1 0 0 4623.DAT
1 6 8 0 0 0 -1 0 0 0 1 -1 0 0 2436.DAT
1 6 32 10 -10 0 -1 0 1 0 0 0 0 1 3700.DAT
1 6 32 10 10 0 -1 0 1 0 0 0 0 1 3700.DAT
1 6 40 10 0 0 -1 0 1 0 0 0 0 1 4032.DAT
1 6 48 0 0 0 -1 0 0 0 1 -1 0 0 2436.DAT
1 6 48 20 0 0 -1 0 0 0 -1 1 0 0 3794.DAT
1 6 80 0 0 0 -1 0 0 0 1 -1 0 0 2432.DAT
1 6 72 20 0 0 -1 0 0 0 -1 1 0 0 4286.DAT
1 46 80 20 0 0 -1 0 1 0 0 0 0 1 3070A.DAT
1 6 48 40 0 0 -1 0 0 0 -1 1 0 0 3665.DAT
1 8 18 -22 0 1 0 0 0 1 0 0 0 1 3021.DAT
1 6 28 -30 0 1 0 0 0 1 0 0 0 1 3680.DAT
1 6 -2 -30 0 0 0 1 0 1 0 -1 0 0 2412A.DAT
1 8 38 -22 -30 1 0 0 0 1 0 0 0 1 4073.DAT
1 8 -2 -22 -30 1 0 0 0 1 0 0 0 1 4073.DAT
1 8 -2 -22 30 1 0 0 0 1 0 0 0 1 4073.DAT
1 8 38 -22 30 1 0 0 0 1 0 0 0 1 4073.DAT
1 8 6 28.5 -47 0.369644 -0.92388 0.0990458 0.892399 0.382683 0.239118 -0.258819 0 0.965926 TrollhipR.ldr
1 8 6 28.5 47 0.369644 -0.92388 -0.0990458 0.892399 0.382683 -0.239118 0.258819 0 0.965926 TrollhipL.ldr
0 
0
0
