0 FILE Maniac.ldr
0 WRITE "Maniac" Special Tactics Mecha
0 WRITE Name: Maniac.mpd
0 WRITE Author: Mladen Pejic
0 WRITE Website: http://www3.sympatico.ca/mladenpejic/
0 WRITE E-Mail: mladenpejic@sympatico.ca
0 ROTATION CENTER 0 0 0 1 "Custom" 
0 ROTATION CONFIG 0 0
1 0 0 0 0 1 0 0 0 1 0 0 0 1 axis20x.dat
1 0 0 -224 0 1 0 0 0 1 0 0 0 1 Mncwaist.ldr
1 0 0 -288 0 1 0 0 0 1 0 0 0 1 Mnctorso.ldr
0
0 FILE Mncantenna.ldr
0 ROTATION CENTER 0 0 0 1 "Custom" 
0 ROTATION CONFIG 0 0
1 7 0 0 0 0 0 1 0 1 0 -1 0 0 3938.DAT
1 7 0 -8 -10 1 0 0 0 1 0 0 0 1 3957.DAT
1 7 0 -8 10 1 0 0 0 1 0 0 0 1 2569.DAT
0
0 FILE MncarmL.ldr
0 ROTATION CENTER 0 0 0 1 "Custom" 
0 ROTATION CONFIG 0 0
1 8 0 0 0 1 0 0 0 1 0 0 0 1 3700.DAT
1 8 -20 24 10 -1 0 0 0 1 0 0 0 -1 2429.DAT
1 8 -20 -8 10 -1 0 0 0 1 0 0 0 -1 2429.DAT
1 8 0 10 -10 0 0 1 0 1 0 -1 0 0 4459.DAT
1 8 -26.5 32 54 0.819152 0 -0.573576 0 1 0 0.573576 0 0.819152 MncshoulderL.ldr
0
0 FILE MncarmR.ldr
0 ROTATION CENTER 0 0 0 1 "Custom" 
0 ROTATION CONFIG 0 0
1 8 0 0 0 1 0 0 0 1 0 0 0 1 3700.DAT
1 8 -20 24 -10 1 0 0 0 1 0 0 0 1 2430.DAT
1 8 -20 -8 -10 1 0 0 0 1 0 0 0 1 2430.DAT
1 8 0 10 10 0 0 1 0 1 0 -1 0 0 4459.DAT
1 8 -26.5 32 -54 0.819152 0 0.573576 0 1 0 -0.573576 0 0.819152 MncshoulderR.ldr
0
0 FILE Mncbackpack.ldr
0 ROTATION CENTER 0 0 0 1 "Custom" 
0 ROTATION CONFIG 0 0
1 7 0 0 0 0 0 1 0 1 0 -1 0 0 3034.DAT
1 7 30 0 0 0 0 1 0 1 0 -1 0 0 3460.DAT
1 7 -30 -8 0 0 0 1 0 1 0 -1 0 0 2419.DAT
1 7 10 -8 0 0 0 1 0 1 0 -1 0 0 3023.DAT
1 7 10 -16 0 0 0 1 0 1 0 -1 0 0 3023.DAT
1 7 -10 -16 0 0 0 1 0 1 0 -1 0 0 3666.DAT
1 7 -10 -24 -40 0 0 1 0 1 0 -1 0 0 2540.DAT
1 7 -10 -24 40 0 0 1 0 1 0 -1 0 0 2540.DAT
1 7 0 -24 0 1 0 0 0 1 0 0 0 1 3022.DAT
1 7 -10 -24 -70 0 0 -1 0 1 0 1 0 0 4286.DAT
1 7 -10 -24 70 0 0 -1 0 1 0 1 0 0 4286.DAT
1 7 -30 -32 0 0 0 1 0 1 0 -1 0 0 3039.DAT
1 7 20 -24 -40 1 0 0 0 1 0 0 0 1 3941.DAT
1 7 20 -24 40 1 0 0 0 1 0 0 0 1 3941.DAT
1 7 -10 -32 -60 0 0 1 0 1 0 -1 0 0 2412A.DAT
1 7 -10 -32 60 0 0 1 0 1 0 -1 0 0 2412A.DAT
1 7 -10 -32 0 0 0 1 0 1 0 -1 0 0 2431.DAT
1 7 10 -32 10 1 0 0 0 1 0 0 0 1 4073.DAT
1 7 10 -32 -10 1 0 0 0 1 0 0 0 1 4073.DAT
1 7 20 -32 -40 1 0 0 0 1 0 0 0 1 4073.DAT
1 7 20 -32 40 1 0 0 0 1 0 0 0 1 4073.DAT
1 7 20 -40 -40 1 0 0 0 1 0 0 0 1 4740.DAT
1 7 20 -40 40 1 0 0 0 1 0 0 0 1 4740.DAT
1 7 30 -24 0 0 0 -1 0 1 0 1 0 0 3937.DAT
1 7 -42.5 -37.5 -50 0.707107 -0.707107 0 0.707107 0.707107 0 0 0 1 MncwingR.ldr
1 7 -42.5 -37.5 50 0.707107 -0.707107 0 0.707107 0.707107 0 0 0 1 MncwingL.ldr
1 7 37 -21 0 0.707107 -0.707107 0 0.707107 0.707107 0 0 0 1 Mncantenna.ldr
0
0 FILE Mncbar.ldr
0 ROTATION CENTER 0 0 0 1 "Custom" 
0 ROTATION CONFIG 0 0
1 7 0 0 0 1 0 0 0 1 0 0 0 1 3938.DAT
1 7 0 -32 0 1 0 0 0 1 0 0 0 1 2432.DAT
0
0 FILE MncBBG.ldr
0 ROTATION CENTER 0 0 0 1 "Custom" 
0 ROTATION CONFIG 0 0
1 7 0 0 0 1 0 0 0 1 0 0 0 1 3710.DAT
1 7 -30 0 -20 1 0 0 0 1 0 0 0 1 4081B.DAT
1 7 10 0 -20 1 0 0 0 1 0 0 0 1 3623.DAT
1 7 30 -24 -10 0 0 1 0 1 0 -1 0 0 32000.DAT
1 7 10 -24 -10 0 0 1 0 1 0 -1 0 0 3298.DAT
1 8 40 -14 0 1 0 0 0 1 0 0 0 1 4459.DAT
1 7 60 -14 0 1 0 0 0 1 0 0 0 1 75535.DAT
1 8 80 -14 0 1 0 0 0 1 0 0 0 1 4459.DAT
1 7 100 -14 0 1 0 0 0 1 0 0 0 1 75535.DAT
1 8 120 -14 0 1 0 0 0 1 0 0 0 1 4459.DAT
1 7 140 -14 0 1 0 0 0 1 0 0 0 1 75535.DAT
1 8 160 -14 0 1 0 0 0 1 0 0 0 1 4459.DAT
1 7 180 -14 0 1 0 0 0 1 0 0 0 1 75535.DAT
1 7 40 -14 -20 0 1 0 0 0 1 1 0 0 4070.DAT
1 7 64 -14 -20 0 1 0 -1 0 0 0 0 1 3062B.DAT
1 7 20 -32 -10 1 0 0 0 1 0 0 0 1 4150.DAT
1 7 50 -36 -20 1 0 0 0 1 0 0 0 1 750.DAT
1 7 50 -36 -20 -1 0 0 0 -1 0 0 0 1 755.DAT
1 7 -10 2 -40 0 -1 0 1 0 0 0 0 1 750.DAT
1 7 -10 2 -40 0 1 0 -1 0 0 0 0 1 755.DAT
1 7 -58 2 -40 0 1 0 -1 0 0 0 0 1 3062B.DAT
0 Hose
1 16 50 -36 -20 0.97 0.184 0.162 0 0.66 -0.751 -0.245 0.729 0.64 754.DAT
1 16 49.582 -37.5 -21.656 0.969 0.189 0.162 0 0.649 -0.761 -0.249 0.737 0.629 754.DAT
1 16 49.131 -39.046 -23.411 0.967 0.196 0.162 0 0.637 -0.771 -0.254 0.746 0.616 754.DAT
1 16 48.643 -40.633 -25.269 0.966 0.204 0.162 0 0.622 -0.783 -0.26 0.756 0.601 754.DAT
1 16 48.113 -42.252 -27.237 0.964 0.213 0.161 0 0.603 -0.798 -0.267 0.769 0.581 754.DAT
1 16 47.535 -43.887 -29.32 0.961 0.225 0.16 0 0.58 -0.814 -0.277 0.783 0.558 754.DAT
1 16 46.902 -45.517 -31.519 0.958 0.24 0.158 0 0.55 -0.835 -0.288 0.8 0.527 754.DAT
1 16 46.207 -47.108 -33.831 0.953 0.259 0.155 0 0.512 -0.859 -0.302 0.819 0.488 754.DAT
1 16 45.443 -48.615 -36.243 0.947 0.284 0.147 0 0.459 -0.888 -0.32 0.842 0.435 754.DAT
1 16 44.603 -49.972 -38.731 0.939 0.317 0.133 0 0.386 -0.923 -0.344 0.866 0.362 754.DAT
1 16 43.681 -51.094 -41.25 0.927 0.359 0.106 0 0.283 -0.959 -0.374 0.889 0.263 754.DAT
1 16 42.678 -51.885 -43.735 0.91 0.411 0.057 0 0.137 -0.991 -0.415 0.901 0.125 754.DAT
1 16 41.601 -52.245 -46.096 0.884 0.467 -0.027 0 -0.058 -0.998 -0.468 0.882 -0.051 754.DAT
1 16 40.467 -52.105 -48.237 0.844 0.513 -0.155 0 -0.289 -0.957 -0.536 0.808 -0.244 754.DAT
1 16 39.299 -51.447 -50.077 0.786 0.532 -0.316 0 -0.51 -0.86 -0.618 0.676 -0.401 754.DAT
1 16 38.123 -50.318 -51.572 0.703 0.522 -0.483 0 -0.679 -0.734 -0.711 0.516 -0.478 754.DAT
1 16 36.961 -48.806 -52.721 0.592 0.499 -0.633 0 -0.785 -0.619 -0.806 0.366 -0.465 754.DAT
1 16 35.824 -47.016 -53.556 0.457 0.474 -0.753 0 -0.846 -0.533 -0.89 0.243 -0.387 754.DAT
1 16 34.718 -45.042 -54.124 0.308 0.453 -0.837 0 -0.88 -0.476 -0.951 0.147 -0.271 754.DAT
1 16 33.644 -42.955 -54.472 0.162 0.437 -0.885 0 -0.897 -0.443 -0.987 0.072 -0.146 754.DAT
1 16 32.599 -40.811 -54.644 0.03 0.427 -0.904 0 -0.904 -0.427 -1 0.013 -0.027 754.DAT
1 16 31.577 -38.644 -54.675 -0.08 0.42 -0.904 0 -0.907 -0.421 -0.997 -0.034 0.073 754.DAT
1 16 30.574 -36.478 -54.594 -0.172 0.417 -0.892 0 -0.906 -0.423 -0.985 -0.073 0.156 754.DAT
1 16 29.584 -34.328 -54.421 -0.243 0.417 -0.876 0 -0.903 -0.43 -0.97 -0.104 0.219 754.DAT
1 16 28.602 -32.202 -54.175 -0.299 0.42 -0.857 0 -0.898 -0.44 -0.954 -0.132 0.269 754.DAT
1 16 27.623 -30.107 -53.868 -0.344 0.424 -0.838 0 -0.892 -0.452 -0.939 -0.155 0.307 754.DAT
1 16 26.643 -28.045 -53.509 -0.377 0.431 -0.82 0 -0.885 -0.465 -0.926 -0.175 0.334 754.DAT
1 16 25.656 -26.016 -53.107 -0.403 0.439 -0.803 0 -0.877 -0.48 -0.915 -0.194 0.354 754.DAT
1 16 24.658 -24.022 -52.667 -0.423 0.449 -0.787 0 -0.869 -0.496 -0.906 -0.21 0.367 754.DAT
1 16 23.645 -22.063 -52.194 -0.437 0.461 -0.772 0 -0.859 -0.513 -0.899 -0.224 0.376 754.DAT
1 16 22.611 -20.138 -51.691 -0.447 0.475 -0.758 0 -0.848 -0.531 -0.894 -0.237 0.379 754.DAT
1 16 21.553 -18.248 -51.162 -0.453 0.49 -0.744 0 -0.835 -0.55 -0.891 -0.249 0.379 754.DAT
1 16 20.464 -16.393 -50.608 -0.456 0.508 -0.731 0 -0.821 -0.57 -0.89 -0.26 0.375 754.DAT
1 16 19.34 -14.574 -50.032 -0.457 0.527 -0.717 0 -0.806 -0.593 -0.89 -0.271 0.368 754.DAT
1 16 18.175 -12.794 -49.434 -0.453 0.549 -0.702 0 -0.788 -0.616 -0.891 -0.279 0.357 754.DAT
1 16 16.962 -11.055 -48.817 -0.448 0.574 -0.686 0 -0.767 -0.642 -0.894 -0.287 0.343 754.DAT
1 16 15.696 -9.362 -48.183 -0.44 0.601 -0.667 0 -0.743 -0.669 -0.898 -0.295 0.327 754.DAT
1 16 14.369 -7.722 -47.532 -0.43 0.631 -0.646 0 -0.715 -0.699 -0.903 -0.301 0.308 754.DAT
1 16 12.974 -6.141 -46.867 -0.417 0.665 -0.62 0 -0.682 -0.732 -0.909 -0.305 0.284 754.DAT
1 16 11.503 -4.633 -46.192 -0.402 0.701 -0.588 0 -0.643 -0.766 -0.915 -0.308 0.259 754.DAT
1 16 9.949 -3.209 -45.509 -0.385 0.741 -0.55 0 -0.596 -0.803 -0.923 -0.309 0.229 754.DAT
1 16 8.306 -1.887 -44.824 -0.365 0.783 -0.504 0 -0.541 -0.841 -0.931 -0.307 0.197 754.DAT
1 16 6.569 -0.687 -44.144 -0.343 0.827 -0.447 0 -0.475 -0.88 -0.94 -0.301 0.163 754.DAT
1 16 4.734 0.368 -43.475 -0.318 0.87 -0.378 0 -0.398 -0.917 -0.948 -0.292 0.127 754.DAT
1 16 2.804 1.252 -42.828 -0.291 0.909 -0.297 0 -0.311 -0.951 -0.957 -0.276 0.09 754.DAT
1 16 0.784 1.942 -42.214 -0.262 0.943 -0.206 0 -0.213 -0.977 -0.965 -0.256 0.056 754.DAT
1 16 -1.313 2.416 -41.644 -0.232 0.967 -0.105 0 -0.108 -0.994 -0.973 -0.231 0.025 754.DAT
1 16 -3.466 2.657 -41.13 -0.201 0.98 -0.002 0 -0.002 -1 -0.98 -0.201 0 754.DAT
1 16 -5.65 2.662 -40.682 -0.17 0.98 0.099 0 0.101 -0.995 -0.985 -0.169 -0.017 754.DAT
1 16 -7.838 2.437 -40.304 -0.139 0.971 0.194 0 0.196 -0.981 -0.99 -0.137 -0.027 756.DAT
0
0 FILE Mncconsole.ldr
0 ROTATION CENTER 0 0 0 1 "Custom" 
0 ROTATION CONFIG 0 0
1 7 0 0 10 0 0 1 0 1 0 -1 0 0 6019.DAT
1 7 0 0 -10 0 0 1 0 1 0 -1 0 0 6019.DAT
1 15 0 -8 0 0 0 1 0 1 0 -1 0 0 3069BP68.DAT
0
0 FILE Mncfoot.ldr
0 ROTATION CENTER 0 0 0 1 "Custom" 
0 ROTATION CONFIG 0 0
1 7 0 0 0 0 -1 0 0 0 1 -1 0 0 3039.DAT
1 7 -24 -10 0 0 -1 0 1 0 0 0 0 1 3941.DAT
1 7 -48 0 10 0 -1 0 1 0 0 0 0 1 3062B.DAT
1 7 -48 0 -10 0 -1 0 1 0 0 0 0 1 3062B.DAT
1 7 -48 -20 0 0 -1 0 0 0 -1 1 0 0 3700.DAT
1 7 -72 -10 -10 0 -1 0 1 0 0 0 0 1 3700.DAT
1 7 -72 -10 10 0 -1 0 1 0 0 0 0 1 3700.DAT
1 7 -96 0 0 0 -1 0 0 0 1 -1 0 0 3660.DAT
1 8 -82 -10 -20 0 0 1 0 1 0 -1 0 0 4459.DAT
1 8 -82 -10 20 0 0 1 0 1 0 -1 0 0 4459.DAT
1 7 -92 -10 -30 0 1 0 -1 0 0 0 0 1 3700.DAT
1 7 -92 -10 30 0 1 0 -1 0 0 0 0 1 3700.DAT
1 7 -164 0 -30 0 1 0 0 0 1 1 0 0 4460.DAT
1 7 -164 0 30 0 1 0 0 0 1 1 0 0 4460.DAT
1 8 -58 -32 0 0 -1 0 0 0 -1 1 0 0 6048.DAT
0
0 FILE Mncgun.ldr
0 ROTATION CENTER 0 0 0 1 "Custom" 
0 ROTATION CONFIG 0 0
1 7 0 0 0 0 0 1 0 1 0 -1 0 0 3938.DAT
1 7 0 -8 10 1 0 0 0 1 0 0 0 1 3957.DAT
1 7 0 -24 -10 1 0 0 0 1 0 0 0 1 3062B.DAT
1 7 0 -88 -10 -1 0 0 0 -1 0 0 0 1 3957.DAT
0
0 FILE Mnchand.ldr
0 ROTATION CENTER 0 0 0 1 "Custom" 
0 ROTATION CONFIG 0 0
1 7 0 0 0 -1 0 0 0 1 0 0 0 -1 2444.DAT
1 7 10 8 10 0 0 -1 0 1 0 1 0 0 6019.DAT
1 7 10 8 -10 0 0 -1 0 1 0 1 0 0 6019.DAT
1 7 0 -8 0 1 0 0 0 1 0 0 0 1 4150.DAT
1 8 -20 10 0 1 0 0 0 1 0 0 0 1 4459.DAT
0
0 FILE Mnchatch.ldr
0 ROTATION CENTER 0 0 0 1 "Custom" 
0 ROTATION CONFIG 0 0
1 7 0 0 0 0 0 -1 0 1 0 1 0 0 4213.DAT
1 7 60 0 -10 1 0 0 0 1 0 0 0 1 4623.DAT
1 7 60 0 10 -1 0 0 0 1 0 0 0 -1 4623.DAT
1 7 50 -24 -20 0 0 -1 0 1 0 1 0 0 6564.DAT
1 7 50 -24 20 0 0 -1 0 1 0 1 0 0 6565.DAT
1 7 10 -24 0 0 0 1 0 1 0 -1 0 0 3298.DAT
1 7 0 -24 -30 1 0 0 0 1 0 0 0 1 3937.DAT
1 7 0 -24 30 -1 0 0 0 1 0 0 0 -1 3937.DAT
1 7 20 -32 0 1 0 0 0 1 0 0 0 1 3068B.DAT
1 7 50 -32 0 0 0 1 0 1 0 -1 0 0 2412A.DAT
1 7 70 -32 10 1 0 0 0 1 0 0 0 1 4073.DAT
1 7 70 -32 -10 1 0 0 0 1 0 0 0 1 4073.DAT
1 7 0 -22.5 -35 1 0 0 0 0.866025 -0.5 0 0.5 0.866025 Mncbar.ldr
1 7 0 -22.5 35 -1 0 0 0 0.866025 -0.5 0 -0.5 -0.866025 Mncbar.ldr
0
0 FILE Mnchead.ldr
0 ROTATION CENTER 0 0 0 1 "Custom" 
0 ROTATION CONFIG 0 0
1 7 0 0 0 1 0 0 0 1 0 0 0 1 3623.DAT
1 7 -10 -8 0 1 0 0 0 1 0 0 0 1 3023.DAT
1 7 -10 -24 0 0 0 -1 0 1 0 1 0 0 4595.DAT
1 36 26 -14 0 0 1 0 -1 0 0 0 0 1 4073.DAT
1 7 -38 -14 0 0 1 0 -1 0 0 0 0 1 2555.DAT
1 7 0 -14 -18 1 0 0 0 0 -1 0 1 0 3623.DAT
1 7 0 -14 18 1 0 0 0 0 1 0 -1 0 3623.DAT
1 8 20 -14 -26 1 0 0 0 0 -1 0 1 0 4073.DAT
1 8 20 -14 26 1 0 0 0 0 1 0 -1 0 4073.DAT
1 8 -10 -14 26 1 0 0 0 0 1 0 -1 0 3794.DAT
1 8 -10 -14 34 1 0 0 0 0 1 0 -1 0 4740.DAT
1 8 0 -14 -26 -0.92388 0 0.382683 0.382683 0 0.92388 0 1 0 Mnclevanten.ldr
1 8 -20 -14 -26 -0.707107 0 0.707107 0.707107 0 0.707107 0 1 0 Mnclevanten.ldr
1 7 0 -32 0 1 0 0 0 1 0 0 0 1 3020.DAT
0
0 FILE Mnchipguard.ldr
0 ROTATION CENTER 0 0 0 1 "Custom" 
0 ROTATION CONFIG 0 0
1 7 0 0 20 1 0 0 0 1 0 0 0 1 2460.DAT
1 7 0 0 -20 1 0 0 0 1 0 0 0 1 2460.DAT
1 7 40 0 0 1 0 0 0 1 0 0 0 1 3068B.DAT
1 7 -30 -24 0 0 0 1 0 1 0 -1 0 0 2432.DAT
1 7 -10 8 0 0 0 1 0 1 0 -1 0 0 3660.DAT
1 7 10 8 0 0 0 -1 0 1 0 1 0 0 3747.DAT
1 7 0 32 0 1 0 0 0 1 0 0 0 1 2654.DAT
1 7 -10 8 30 1 0 0 0 1 0 0 0 1 3062B.DAT
1 7 10 8 30 1 0 0 0 1 0 0 0 1 3062B.DAT
1 7 10 8 -30 1 0 0 0 1 0 0 0 1 3062B.DAT
1 7 -10 8 -30 1 0 0 0 1 0 0 0 1 3062B.DAT
0
0 FILE MnchipL.ldr
0 ROTATION CENTER 0 0 0 1 "Custom" 
0 ROTATION CONFIG 0 0
1 7 0 0 0 0 0 -1 0 1 0 1 0 0 3747.DAT
1 7 -30 0 10 1 0 0 0 1 0 0 0 1 3700.DAT
1 7 -10 24 0 1 0 0 0 1 0 0 0 1 2654.DAT
1 7 -30 16 -10 1 0 0 0 1 0 0 0 1 3023.DAT
1 7 -30 8 -10 1 0 0 0 1 0 0 0 1 3023.DAT
1 7 -50 0 -20 1 0 0 0 1 0 0 0 1 2430.DAT
1 7 -20 -8 0 1 0 0 0 1 0 0 0 1 3021.DAT
1 7 -20 -16 0 1 0 0 0 1 0 0 0 1 3021.DAT
1 7 -30 -24 -10 1 0 0 0 1 0 0 0 1 3023.DAT
1 7 0 -24 0 0 0 1 0 1 0 -1 0 0 3023.DAT
1 7 -30 -40 10 1 0 0 0 1 0 0 0 1 3700.DAT
1 7 -50 -32 -20 1 0 0 0 1 0 0 0 1 2430.DAT
1 7 30 -24 10 1 0 0 0 1 0 0 0 1 30365.DAT
1 7 30 -24 -10 1 0 0 0 1 0 0 0 1 30365.DAT
1 7 -30 -40 -10 1 0 0 0 1 0 0 0 1 3023.DAT
1 7 -30 -48 0 1 0 0 0 1 0 0 0 1 4150.DAT
1 7 0 -48 0 0 0 -1 0 1 0 1 0 0 3298.DAT
1 7 -30 -10 20 1 0 0 0 0 -1 0 1 0 Mnchipguard.ldr
1 7 100.5 18 0 0.92388 -0.382683 0 0.382683 0.92388 0 0 0 1 MncthighL.ldr
0
0 FILE MnchipR.ldr
0 ROTATION CENTER 0 0 0 1 "Custom" 
0 ROTATION CONFIG 0 0
1 7 0 0 0 0 0 -1 0 1 0 1 0 0 3747.DAT
1 7 -30 0 -10 1 0 0 0 1 0 0 0 1 3700.DAT
1 7 -10 24 0 1 0 0 0 1 0 0 0 1 2654.DAT
1 7 -30 16 10 1 0 0 0 1 0 0 0 1 3023.DAT
1 7 -30 8 10 1 0 0 0 1 0 0 0 1 3023.DAT
1 7 -50 0 20 -1 0 0 0 1 0 0 0 -1 2429.DAT
1 7 -20 -8 0 1 0 0 0 1 0 0 0 1 3021.DAT
1 7 -20 -16 0 1 0 0 0 1 0 0 0 1 3021.DAT
1 7 -30 -24 10 1 0 0 0 1 0 0 0 1 3023.DAT
1 7 0 -24 0 0 0 1 0 1 0 -1 0 0 3023.DAT
1 7 -30 -40 -10 1 0 0 0 1 0 0 0 1 3700.DAT
1 7 -50 -32 20 -1 0 0 0 1 0 0 0 -1 2429.DAT
1 7 30 -24 10 1 0 0 0 1 0 0 0 1 30365.DAT
1 7 30 -24 -10 1 0 0 0 1 0 0 0 1 30365.DAT
1 7 -30 -40 10 1 0 0 0 1 0 0 0 1 3023.DAT
1 7 -30 -48 0 1 0 0 0 1 0 0 0 1 4150.DAT
1 7 0 -48 0 0 0 -1 0 1 0 1 0 0 3298.DAT
1 7 -30 -10 -20 1 0 0 0 0 1 0 -1 0 Mnchipguard.ldr
1 7 100.5 18 0 0.92388 -0.382683 0 0.382683 0.92388 0 0 0 1 MncthighR.ldr
0
0 FILE MnclegL.ldr
0 ROTATION CENTER 0 0 0 1 "Custom" 
0 ROTATION CONFIG 0 0
1 8 0 0 0 1 0 0 0 1 0 0 0 1 3700.DAT
1 8 -20 24 10 -1 0 0 0 1 0 0 0 -1 2429.DAT
1 8 -20 -8 10 -1 0 0 0 1 0 0 0 -1 2429.DAT
1 8 0 10 -10 0 0 1 0 1 0 -1 0 0 4459.DAT
1 8 23 24 42 0.965926 0 -0.258819 0 1 0 0.258819 0 0.965926 MnchipL.ldr
0
0 FILE MnclegR.ldr
0 ROTATION CENTER 0 0 0 1 "Custom" 
0 ROTATION CONFIG 0 0
1 8 0 0 0 1 0 0 0 1 0 0 0 1 3700.DAT
1 8 -20 24 -10 1 0 0 0 1 0 0 0 1 2430.DAT
1 8 -20 -8 -10 1 0 0 0 1 0 0 0 1 2430.DAT
1 8 0 10 10 0 0 1 0 1 0 -1 0 0 4459.DAT
1 8 23 24 -42 0.965926 0 0.258819 0 1 0 -0.258819 0 0.965926 MnchipR.ldr
0
0 FILE Mnclevanten.ldr
0 ROTATION CENTER 0 0 0 1 "Custom" 
0 ROTATION CONFIG 0 0
1 8 0 0 0 1 0 0 0 1 0 0 0 1 4592.DAT
1 8 0 -2 0 1 0 0 0 0 -1 0 1 0 4593.DAT
0
0 FILE Mnclever.ldr
0 ROTATION CENTER 0 0 0 1 "Custom" 
0 ROTATION CONFIG 0 0
1 4 0 0 0 1 0 0 0 1 0 0 0 1 4592.DAT
1 14 0 -2 0 1 0 0 0 0.258819 -0.965926 0 0.965926 0.258819 4593.DAT
0
0 FILE MncshoulderL.ldr
0 ROTATION CENTER 0 0 0 1 "Custom" 
0 ROTATION CONFIG 0 0
1 7 0 0 0 0 0 -1 0 1 0 1 0 0 3936.DAT
1 7 -30 -8 -10 1 0 0 0 1 0 0 0 1 2420.DAT
1 7 -20 -8 -40 1 0 0 0 1 0 0 0 1 2430.DAT
1 7 30 -8 -30 1 0 0 0 1 0 0 0 1 4073.DAT
1 7 20 -32 -30 1 0 0 0 1 0 0 0 1 30365.DAT
1 36 -10 -32 -30 1 0 0 0 1 0 0 0 1 3062B.DAT
1 7 -30 -32 10 0 0 1 0 1 0 -1 0 0 4070.DAT
1 7 -30 -32 -10 0 0 1 0 1 0 -1 0 0 4070.DAT
1 7 -60 -22 -30 0 1 0 1 0 0 0 0 -1 4286.DAT
1 7 -10 -18 -10 -0.707107 0 -0.707107 0 1 0 0.707107 0 -0.707107 Mnctank.ldr
1 7 -10 -32 -10 0 1 0 -1 0 0 0 0 1 4274.DAT
1 7 -30 -40 -10 1 0 0 0 1 0 0 0 1 2420.DAT
1 7 -20 -40 -40 1 0 0 0 1 0 0 0 1 2430.DAT
1 7 30 -40 -30 1 0 0 0 1 0 0 0 1 4073.DAT
1 7 0 -48 0 0 0 -1 0 1 0 1 0 0 3936.DAT
1 7 89 -40.5 -20 0.707107 0.707107 0 -0.707107 0.707107 0 0 0 1 MncwristL.ldr
0
0 FILE MncshoulderR.ldr
0 ROTATION CENTER 0 0 0 1 "Custom" 
0 ROTATION CONFIG 0 0
1 7 0 0 0 0 0 -1 0 1 0 1 0 0 3935.DAT
1 7 -30 -8 10 0 0 1 0 1 0 -1 0 0 2420.DAT
1 7 -20 -8 40 -1 0 0 0 1 0 0 0 -1 2429.DAT
1 7 30 -8 30 1 0 0 0 1 0 0 0 1 4073.DAT
1 7 20 -32 30 1 0 0 0 1 0 0 0 1 30365.DAT
1 34 -10 -32 30 1 0 0 0 1 0 0 0 1 3062B.DAT
1 7 -30 -32 10 0 0 1 0 1 0 -1 0 0 4070.DAT
1 7 -30 -32 -10 0 0 1 0 1 0 -1 0 0 4070.DAT
1 7 -60 -22 30 0 1 0 -1 0 0 0 0 1 4286.DAT
1 7 -10 -18 10 0.707107 0 -0.707107 0 1 0 0.707107 0 0.707107 Mnctank.ldr
1 7 -10 -32 10 0 1 0 -1 0 0 0 0 1 4274.DAT
1 7 -30 -40 10 0 0 1 0 1 0 -1 0 0 2420.DAT
1 7 -20 -40 40 -1 0 0 0 1 0 0 0 -1 2429.DAT
1 7 30 -40 30 1 0 0 0 1 0 0 0 1 4073.DAT
1 7 0 -48 0 0 0 -1 0 1 0 1 0 0 3935.DAT
1 7 89 -40.5 20 0.707107 0.707107 0 -0.707107 0.707107 0 0 0 1 MncwristR.ldr
0
0 FILE MncSRM3.ldr
0 ROTATION CENTER 0 0 0 1 "Custom" 
0 ROTATION CONFIG 0 0
1 7 0 0 0 -1 0 0 0 1 0 0 0 -1 4287.DAT
1 7 0 -8 20 0 0 -1 0 1 0 1 0 0 4085C.DAT
1 7 0 -8 40 1 0 0 0 1 0 0 0 1 3024.DAT
1 7 0 -8 0 1 0 0 0 1 0 0 0 1 3024.DAT
1 7 0 -32 20 0 0 1 0 1 0 -1 0 0 3622.DAT
1 7 0 -40 20 0 0 -1 0 1 0 1 0 0 4085C.DAT
1 7 0 -40 40 1 0 0 0 1 0 0 0 1 3024.DAT
1 7 0 -40 0 1 0 0 0 1 0 0 0 1 3024.DAT
1 7 0 -48 20 0 0 1 0 1 0 -1 0 0 3623.DAT
1 8 0 -56 40 1 0 0 0 1 0 0 0 1 4073.DAT
1 8 0 -56 20 1 0 0 0 1 0 0 0 1 4073.DAT
1 8 0 -56 0 1 0 0 0 1 0 0 0 1 4073.DAT
0
0 FILE Mnctank.ldr
0 ROTATION CENTER 0 0 0 1 "Custom" 
0 ROTATION CONFIG 0 0
1 7 0 0 0 0 -1 0 1 0 0 0 0 1 32013.DAT
1 7 0 0 -30 0 0 1 0 1 0 -1 0 0 3704.DAT
1 14 0 0 -30 1 0 0 0 0 1 0 -1 0 3941.DAT
1 4 0 0 -54 1 0 0 0 0 1 0 -1 0 4032.DAT
1 14 0 0 -62 1 0 0 0 0 1 0 -1 0 2654.DAT
0
0 FILE MncthighL.ldr
0 ROTATION CENTER 0 0 0 1 "Custom" 
0 ROTATION CONFIG 0 0
1 7 0 0 0 1 0 0 0 1 0 0 0 1 3020.DAT
1 7 -20 -24 10 -1 0 0 0 1 0 0 0 -1 30364.DAT
1 7 -20 -24 -10 -1 0 0 0 1 0 0 0 -1 30364.DAT
1 7 10 -24 10 1 0 0 0 1 0 0 0 1 3062B.DAT
1 7 10 -24 -10 1 0 0 0 1 0 0 0 1 3062B.DAT
1 7 30 -24 0 0 0 1 0 1 0 -1 0 0 3700.DAT
1 7 -10 -48 0 0 0 -1 0 1 0 1 0 0 30363.DAT
1 7 -30 -48 0 0 0 1 0 1 0 -1 0 0 3660.DAT
1 7 -20 -56 0 1 0 0 0 1 0 0 0 1 3068B.DAT
1 7 -50 -56 0 0 0 1 0 1 0 -1 0 0 2412A.DAT
1 8 42 -14 0 0 0 1 0 1 0 -1 0 0 6217.DAT
1 7 -10 8 0 0 0 1 0 1 0 -1 0 0 3660.DAT
1 7 10 8 0 0 0 -1 0 1 0 1 0 0 3747.DAT
1 7 50 0 0 0 0 1 0 1 0 -1 0 0 2412A.DAT
1 7 0 32 0 1 0 0 0 1 0 0 0 1 2654.DAT
1 7 96.5 -72 -11.5 0 0.965926 0.258819 -1 0 0 0 -0.258819 0.965926 Mncfoot.ldr
0
0 FILE MncthighR.ldr
0 ROTATION CENTER 0 0 0 1 "Custom" 
0 ROTATION CONFIG 0 0
1 7 0 0 0 1 0 0 0 1 0 0 0 1 3020.DAT
1 7 -20 -24 10 -1 0 0 0 1 0 0 0 -1 30364.DAT
1 7 -20 -24 -10 -1 0 0 0 1 0 0 0 -1 30364.DAT
1 7 10 -24 10 1 0 0 0 1 0 0 0 1 3062B.DAT
1 7 10 -24 -10 1 0 0 0 1 0 0 0 1 3062B.DAT
1 7 30 -24 0 0 0 1 0 1 0 -1 0 0 3700.DAT
1 7 -10 -48 0 0 0 -1 0 1 0 1 0 0 30363.DAT
1 7 -30 -48 0 0 0 1 0 1 0 -1 0 0 3660.DAT
1 7 -20 -56 0 1 0 0 0 1 0 0 0 1 3068B.DAT
1 7 -50 -56 0 0 0 1 0 1 0 -1 0 0 2412A.DAT
1 8 42 -14 0 0 0 1 0 1 0 -1 0 0 6217.DAT
1 7 -10 8 0 0 0 1 0 1 0 -1 0 0 3660.DAT
1 7 10 8 0 0 0 -1 0 1 0 1 0 0 3747.DAT
1 7 50 0 0 0 0 1 0 1 0 -1 0 0 2412A.DAT
1 7 0 32 0 1 0 0 0 1 0 0 0 1 2654.DAT
1 7 96.5 -72 11.5 0 0.965926 -0.258819 -1 0 0 0 0.258819 0.965926 Mncfoot.ldr
0
0 FILE Mnctorso.ldr
0 ROTATION CENTER 0 0 0 1 "Custom" 
0 ROTATION CONFIG 0 0
1 8 0 8 0 1 0 0 0 1 0 0 0 1 3679.DAT
1 7 0 0 0 1 0 0 0 1 0 0 0 1 3031.DAT
1 7 20 -8 -20 1 0 0 0 1 0 0 0 1 3956.DAT
1 7 20 -8 20 -1 0 0 0 1 0 0 0 -1 3956.DAT
1 7 -20 -8 0 0 0 1 0 1 0 -1 0 0 3956.DAT
1 7 -20 -24 -30 1 0 0 0 1 0 0 0 1 3660.DAT
1 7 -20 -24 30 -1 0 0 0 1 0 0 0 -1 3660.DAT
1 7 -20 -16 0 1 0 0 0 1 0 0 0 1 3022.DAT
1 7 20 -16 0 0 0 1 0 1 0 -1 0 0 3020.DAT
1 7 -30 -24 0 0 0 1 0 1 0 -1 0 0 3023.DAT
1 7 -10 -32 30 0.0871557 0 -0.996195 0 1 0 0.996195 0 0.0871557 Mnclever.ldr
1 7 -10 -32 -30 -0.0871557 0 -0.996195 0 1 0 0.996195 0 -0.0871557 Mnclever.ldr
1 7 -30 -48 0 0 0 1 0 1 0 -1 0 0 3010.DAT
1 7 -20 -48 -50 1 0 0 0 1 0 0 0 1 3660.DAT
1 7 -20 -48 50 -1 0 0 0 1 0 0 0 -1 3660.DAT
1 7 20 -88 -30 -1 0 0 0 1 0 0 0 -1 2362B.DAT
1 7 20 -88 30 1 0 0 0 1 0 0 0 1 2362B.DAT
1 7 30 -48 0 0 0 -1 0 1 0 1 0 0 2432.DAT
1 7 29 -63.5 0 0.34202 0.939693 0 -0.939693 0.34202 0 0 0 1 Mncconsole.ldr
1 7 -30 -72 -50 1 0 0 0 1 0 0 0 1 2357.DAT
1 7 -30 -72 50 0 0 1 0 1 0 -1 0 0 2357.DAT
1 7 -30 -56 0 0 0 1 0 1 0 -1 0 0 3023.DAT
1 7 -30 -104 0 0 0 -1 0 1 0 1 0 0 4864B.DAT
1 7 -30 -72 -70 1 0 0 0 1 0 0 0 1 3062B.DAT
1 7 -30 -72 70 1 0 0 0 1 0 0 0 1 3062B.DAT
1 7 -10 -72 -70 1 0 0 0 1 0 0 0 1 3062B.DAT
1 7 -10 -72 70 1 0 0 0 1 0 0 0 1 3062B.DAT
1 7 -10 -96 -50 -1 0 0 0 1 0 0 0 -1 4070.DAT
1 7 -10 -96 50 1 0 0 0 1 0 0 0 1 4070.DAT
1 7 -10 -86 -28 -0.707107 0 -0.707107 0.707107 0 -0.707107 0 -1 0 4735.DAT
1 7 -10 -86 28 0.707107 0 -0.707107 -0.707107 0 -0.707107 0 1 0 4735.DAT
1 7 20 -96 -30 1 0 0 0 1 0 0 0 1 3023.DAT
1 7 20 -96 30 1 0 0 0 1 0 0 0 1 3023.DAT
1 7 -30 -96 -40 0 0 1 0 1 0 -1 0 0 3004.DAT
1 7 -30 -96 40 0 0 1 0 1 0 -1 0 0 3004.DAT
1 7 -20 -96 -70 1 0 0 0 1 0 0 0 1 3700.DAT
1 7 -20 -96 70 1 0 0 0 1 0 0 0 1 3700.DAT
1 7 -20 -104 -60 1 0 0 0 1 0 0 0 1 3022.DAT
1 7 -20 -104 60 1 0 0 0 1 0 0 0 1 3022.DAT
1 7 0 -104 -30 1 0 0 0 1 0 0 0 1 3710.DAT
1 7 0 -104 30 1 0 0 0 1 0 0 0 1 3710.DAT
1 7 30 -112 0 0 0 -1 0 1 0 1 0 0 4315.DAT
1 7 10 -112 0 0 0 1 0 1 0 -1 0 0 3710.DAT
1 7 -20 -112 0 0 0 1 0 1 0 -1 0 0 3795.DAT
1 7 -30 -112 -70 1 0 0 0 1 0 0 0 1 4073.DAT
1 7 -30 -112 70 1 0 0 0 1 0 0 0 1 4073.DAT
1 7 -10 -112 -70 1 0 0 0 1 0 0 0 1 4073.DAT
1 7 -10 -112 70 1 0 0 0 1 0 0 0 1 4073.DAT
1 7 -20 -120 -50 1 0 0 0 1 0 0 0 1 2412A.DAT
1 7 -20 -120 50 1 0 0 0 1 0 0 0 1 2412A.DAT
1 7 0 -120 30 1 0 0 0 1 0 0 0 1 2431.DAT
1 7 0 -120 -30 1 0 0 0 1 0 0 0 1 2431.DAT
1 7 -20 -120 0 1 0 0 0 1 0 0 0 1 4150.DAT
1 7 10 -120 0 0 0 1 0 1 0 -1 0 0 3794.DAT
1 7 30 -120 0 0 0 1 0 1 0 -1 0 0 2412A.DAT
1 7 20 -68 -48 1 0 0 0 0 -1 0 1 0 MnctorsoguardR.ldr
1 7 20 -68 48 1 0 0 0 0 1 0 -1 0 MnctorsoguardL.ldr
1 7 48 -72 0 0 -1 0 1 0 0 0 0 1 Mnchatch.ldr
1 7 -48 -68 0 0 1 0 -1 0 0 0 0 1 Mncbackpack.ldr
1 7 10 -128 0 0.965926 0 0.258819 0 1 0 -0.258819 0 0.965926 Mnchead.ldr
1 7 -0.5 -88.5 -90 0.258819 -0.965926 0 0.965926 0.258819 0 0 0 1 MncarmR.ldr
1 7 -0.5 -88.5 90 0.258819 -0.965926 0 0.965926 0.258819 0 0 0 1 MncarmL.ldr
0
0 FILE MnctorsoguardL.ldr
0 ROTATION CENTER 0 0 0 1 "Custom" 
0 ROTATION CONFIG 0 0
1 7 0 0 0 1 0 0 0 1 0 0 0 1 3022.DAT
1 7 0 0 -30 1 0 0 0 1 0 0 0 1 2540.DAT
1 7 10 -24 20 0 0 -1 0 1 0 1 0 0 3937.DAT
1 7 -10 -24 10 -1 0 0 0 1 0 0 0 -1 4286.DAT
1 7 0 -24 -10 1 0 0 0 1 0 0 0 1 3039.DAT
1 7 -10 -32 0 0 0 1 0 1 0 -1 0 0 2412A.DAT
1 36 10 -32 -10 1 0 0 0 1 0 0 0 1 4073.DAT
1 7 10 -8 50 0 0 1 0 1 0 -1 0 0 3070BP06.DAT
1 7 19.5 -17.5 20 0.34202 -0.939693 0 0.939693 0.34202 0 0 0 1 Mncgun.ldr
0
0 FILE MnctorsoguardR.ldr
0 ROTATION CENTER 0 0 0 1 "Custom" 
0 ROTATION CONFIG 0 0
1 7 0 0 0 1 0 0 0 1 0 0 0 1 3022.DAT
1 7 0 0 30 -1 0 0 0 1 0 0 0 -1 2540.DAT
1 7 10 -24 -20 0 0 -1 0 1 0 1 0 0 3937.DAT
1 7 -10 -24 -10 1 0 0 0 1 0 0 0 1 4286.DAT
1 7 0 -24 10 -1 0 0 0 1 0 0 0 -1 3039.DAT
1 7 -10 -32 0 0 0 1 0 1 0 -1 0 0 2412A.DAT
1 34 10 -32 10 1 0 0 0 1 0 0 0 1 4073.DAT
1 7 10 -8 -50 0 0 1 0 1 0 -1 0 0 3070BP06.DAT
1 7 19.5 -17.5 -20 -0.34202 -0.939693 0 -0.939693 0.34202 0 0 0 -1 Mncgun.ldr
0
0 FILE Mncwaist.ldr
0 ROTATION CENTER 0 0 0 1 "Custom" 
0 ROTATION CONFIG 0 0
1 7 0 0 0 1 0 0 0 1 0 0 0 1 3020.DAT
1 7 30 -24 -10 0 0 -1 0 1 0 1 0 0 4070.DAT
1 7 30 -24 10 0 0 -1 0 1 0 1 0 0 4070.DAT
1 7 0 -24 -10 1 0 0 0 1 0 0 0 1 3700.DAT
1 7 0 -24 10 1 0 0 0 1 0 0 0 1 3700.DAT
1 7 -30 -24 0 0 0 1 0 1 0 -1 0 0 3660.DAT
1 7 44 -14 0 0 -1 0 0 0 -1 1 0 0 2412A.DAT
1 7 10 -48 0 0 0 -1 0 1 0 1 0 0 3039.DAT
1 7 -10 -48 0 0 0 1 0 1 0 -1 0 0 3298.DAT
1 7 0 -56 0 1 0 0 0 1 0 0 0 1 3680.DAT
1 7 9 -18 -30 0.382683 -0.92388 0 0.92388 0.382683 0 0 0 1 MnclegR.ldr
1 7 9 -18 30 0.382683 -0.92388 0 0.92388 0.382683 0 0 0 1 MnclegL.ldr
0
0 FILE MncwingL.ldr
0 ROTATION CENTER 0 0 0 1 "Custom" 
0 ROTATION CONFIG 0 0
1 7 0 0 -10 0 0 -1 0 1 0 1 0 0 6019.DAT
1 7 0 0 10 0 0 -1 0 1 0 1 0 0 4081B.DAT
1 36 20 2 22 1 0 0 0 0 1 0 -1 0 4073.DAT
1 7 -70 -8 20 0 0 1 0 1 0 -1 0 0 3934.DAT
0
0 FILE MncwingR.ldr
0 ROTATION CENTER 0 0 0 1 "Custom" 
0 ROTATION CONFIG 0 0
1 7 0 0 10 0 0 -1 0 1 0 1 0 0 6019.DAT
1 7 0 0 -10 0 0 -1 0 1 0 1 0 0 4081B.DAT
1 34 20 2 -22 1 0 0 0 0 -1 0 1 0 4073.DAT
1 7 -70 -8 -20 0 0 1 0 1 0 -1 0 0 3933.DAT
0
0 FILE MncwristL.ldr
0 ROTATION CENTER 0 0 0 1 "Custom" 
0 ROTATION CONFIG 0 0
1 7 0 0 0 1 0 0 0 1 0 0 0 1 3021.DAT
1 7 50 0 0 1 0 0 0 1 0 0 0 1 3022.DAT
1 7 -10 -24 -10 -1 0 0 0 1 0 0 0 -1 30364.DAT
1 7 -20 -24 10 -1 0 0 0 1 0 0 0 -1 4070.DAT
1 36 -20 -14 24 1 0 0 0 0 1 0 -1 0 4073.DAT
1 7 0 -24 10 1 0 0 0 1 0 0 0 1 3062B.DAT
1 7 20 -24 -10 1 0 0 0 1 0 0 0 1 4070.DAT
1 7 40 -24 -10 1 0 0 0 1 0 0 0 1 4070.DAT
1 7 30 -14 -24 1 0 0 0 0 -1 0 1 0 2412A.DAT
1 7 30 -8 10 1 0 0 0 1 0 0 0 1 3023.DAT
1 7 30 -16 10 -1 0 0 0 1 0 0 0 -1 2540.DAT
1 7 30 -24 10 1 0 0 0 1 0 0 0 1 3023.DAT
1 7 60 -24 0 0 0 1 0 1 0 -1 0 0 3700.DAT
1 7 30 -32 10 1 0 0 0 1 0 0 0 1 2431.DAT
1 7 30 -32 -10 1 0 0 0 1 0 0 0 1 2431.DAT
1 7 -20 -32 0 0 0 1 0 1 0 -1 0 0 2412A.DAT
1 7 90 -21 7 1 0 0 0 0.707107 0.707107 0 -0.707107 0.707107 Mnchand.ldr
1 7 10 -42 30 0 -1 0 0.707107 0 0.707107 -0.707107 0 0.707107 MncSRM3.ldr
0
0 FILE MncwristR.ldr
0 ROTATION CENTER 0 0 0 1 "Custom" 
0 ROTATION CONFIG 0 0
1 7 0 0 0 1 0 0 0 1 0 0 0 1 3021.DAT
1 7 50 0 0 1 0 0 0 1 0 0 0 1 3022.DAT
1 7 -10 -24 10 -1 0 0 0 1 0 0 0 -1 30364.DAT
1 7 -20 -24 -10 1 0 0 0 1 0 0 0 1 4070.DAT
1 34 -20 -14 -24 1 0 0 0 0 -1 0 1 0 4073.DAT
1 7 0 -24 -10 1 0 0 0 1 0 0 0 1 3062B.DAT
1 7 20 -24 10 -1 0 0 0 1 0 0 0 -1 4070.DAT
1 7 40 -24 10 -1 0 0 0 1 0 0 0 -1 4070.DAT
1 7 30 -14 24 1 0 0 0 0 1 0 -1 0 2412A.DAT
1 7 30 -8 -10 1 0 0 0 1 0 0 0 1 3023.DAT
1 7 30 -16 -10 1 0 0 0 1 0 0 0 1 3023.DAT
1 7 30 -24 -10 1 0 0 0 1 0 0 0 1 2436.DAT
1 7 60 -24 0 0 0 1 0 1 0 -1 0 0 3700.DAT
1 7 30 -32 10 1 0 0 0 1 0 0 0 1 2431.DAT
1 7 30 -32 -10 1 0 0 0 1 0 0 0 1 2431.DAT
1 7 -20 -32 0 0 0 1 0 1 0 -1 0 0 2412A.DAT
1 8 70 -14 0 1 0 0 0 1 0 0 0 1 3749.DAT
1 7 74 -14 0 0 1 0 -1 0 0 0 0 1 3941.DAT
1 7 98 -14 0 0 1 0 -1 0 0 0 0 1 3062B.DAT
1 7 30 -14 -32 1 0 0 0 0 -1 0 1 0 MncBBG.ldr
0 
0
0
