0 FILE OZTerror.ldr
0 WRITE OZ66 "Terror"
0 WRITE Name: Terror.mpd
0 WRITE Author: Mladen Pejic
0 WRITE Website: http://www3.sympatico.ca/mladenpejic/
0 ROTATION CENTER 0 0 0 1 "Custom" 
0 ROTATION CONFIG 0 0
1 0 0 0 0 1 0 0 0 1 0 0 0 1 axis20x.dat
0 WRITE E-Mail: mladenpejic@sympatico.ca
1 0 0 -246 0 0.965926 -0.258819 0 0.258819 0.965926 0 0 0 1 OZTbody.ldr
0
0 FILE OZTarmL.ldr
0 ROTATION CENTER 0 0 0 1 "Custom" 
0 ROTATION CONFIG 0 0
1 0 0 0 0 -1 0 0 0 1 0 0 0 -1 2744.DAT
1 0 20 10 -12 -1 0 0 0 1 0 0 0 -1 6048.DAT
1 0 17 10 -35 0.965926 0 0.258819 0 1 0 -0.258819 0 0.965926 6217.DAT
1 0 80 24 0 1 0 0 0 1 0 0 0 1 3460.DAT
1 0 60 0 0 1 0 0 0 1 0 0 0 1 3700.DAT
1 0 90 0 0 1 0 0 0 1 0 0 0 1 4070.DAT
1 0 90 10 -20 0 0 1 1 0 0 0 1 0 4349.DAT
1 0 68 10 -20 0 -1 0 1 0 0 0 0 1 3062B.DAT
1 0 140 8 0 0 0 -1 0 1 0 1 0 0 4595.DAT
1 0 140 0 0 1 0 0 0 1 0 0 0 1 4276.DAT
1 0 140 18 -18 1 0 0 0 0 -1 0 1 0 4276.DAT
1 0 140 18 18 1 0 0 0 0 1 0 -1 0 4276.DAT
1 46 176 18 0 0 1 0 -1 0 0 0 0 1 4073.DAT
1 0 80 -8 0 1 0 0 0 1 0 0 0 1 4162.DAT
1 0 -60 32 0 1 0 0 0 1 0 0 0 1 2540.DAT
1 0 -20 32 0 1 0 0 0 1 0 0 0 1 4623.DAT
1 0 60 32 0 1 0 0 0 1 0 0 0 1 3666.DAT
1 0 140 32 0 1 0 0 0 1 0 0 0 1 4276.DAT
1 0 195 -21.5 0 0.707107 0.707107 0 -0.707107 0.707107 0 0 0 1 OZTfinger.ldr
1 0 195 61.5 0 0.707107 0.707107 0 0.707107 -0.707107 0 0 0 -1 OZTfinger.ldr
1 0 195 18 -39.5 0.707107 0.707107 0 0 0 -1 -0.707107 0.707107 0 OZTfinger.ldr
1 0 195 18 39.5 0.707107 0.707107 0 0 0 1 0.707107 -0.707107 0 OZTfinger.ldr
1 46 -20 10 10 1 0 0 0 0 -1 0 1 0 4073.DAT
1 7 0 10 10 0 0 -1 0 1 0 1 0 0 4274.DAT
1 7 60 10 10 0 0 -1 0 1 0 1 0 0 4274.DAT
1 0 50 10 18 1 0 0 0 0 1 0 -1 0 3666.DAT
1 0 10 10 50 1 0 0 0 0 1 0 -1 0 2432.DAT
1 0 40 10 42 1 0 0 0 1 0 0 0 1 3959.DAT
1 0 60 10 42 1 0 0 0 1 0 0 0 1 3959.DAT
1 0 90 10 26 1 0 0 0 0 1 0 -1 0 2412A.DAT
0
0 FILE OZTarmR.ldr
0 ROTATION CENTER 0 0 0 1 "Custom" 
0 ROTATION CONFIG 0 0
1 0 0 0 0 -1 0 0 0 1 0 0 0 -1 2744.DAT
1 0 20 10 12 1 0 0 0 1 0 0 0 1 6048.DAT
1 0 17 10 35 -0.965926 0 0.258819 0 1 0 -0.258819 0 -0.965926 6217.DAT
1 0 80 24 0 1 0 0 0 1 0 0 0 1 3460.DAT
1 0 60 0 0 1 0 0 0 1 0 0 0 1 3700.DAT
1 0 90 0 0 -1 0 0 0 1 0 0 0 -1 4070.DAT
1 0 90 10 20 0 0 1 -1 0 0 0 -1 0 4349.DAT
1 0 68 10 20 0 -1 0 1 0 0 0 0 1 3062B.DAT
1 0 140 0 0 0 0 -1 0 1 0 1 0 0 30359A.DAT
1 0 280 10 0 0 1 0 -1 0 0 0 0 1 3062B.DAT
1 0 306 10 0 1 0 0 0 1 0 0 0 1 4459.DAT
1 0 80 -8 0 1 0 0 0 1 0 0 0 1 4162.DAT
1 0 -60 32 0 1 0 0 0 1 0 0 0 1 2540.DAT
1 0 -20 32 0 1 0 0 0 1 0 0 0 1 4623.DAT
1 0 60 32 0 1 0 0 0 1 0 0 0 1 3666.DAT
1 0 140 32 0 1 0 0 0 1 0 0 0 1 2436.DAT
1 0 110 42 -22 1 0 0 0 0 -1 0 1 0 4073.DAT
1 0 160 42 -30 0 0 -1 -1 0 0 0 1 0 4595.DAT
1 0 160 42 -38 1 0 0 0 0 -1 0 1 0 2412A.DAT
1 0 150 76 -20 -1 0 0 0 -1 0 0 0 1 3062B.DAT
1 0 170 76 -20 -1 0 0 0 -1 0 0 0 1 3062B.DAT
1 0 160 84 -20 -1 0 0 0 -1 0 0 0 1 3069B.DAT
1 0 268 42 -20 0 1 0 -1 0 0 0 0 1 3957.DAT
1 0 120 22 -20 0 1 0 0 0 1 1 0 0 2449.DAT
1 46 192 22 -20 0 1 0 -1 0 0 0 0 1 4073.DAT
1 0 112 12 -20 0 1 0 -1 0 0 0 0 1 3069B.DAT
1 46 -20 10 -10 1 0 0 0 0 1 0 -1 0 4073.DAT
1 7 0 10 -10 0 0 1 0 1 0 -1 0 0 4274.DAT
1 7 60 10 -10 0 0 1 0 1 0 -1 0 0 4274.DAT
1 0 50 10 -18 1 0 0 0 0 -1 0 1 0 3666.DAT
1 0 10 10 -50 -1 0 0 0 0 1 0 1 0 2432.DAT
1 0 40 10 -42 -1 0 0 0 1 0 0 0 -1 3959.DAT
1 0 60 10 -42 -1 0 0 0 1 0 0 0 -1 3959.DAT
1 0 90 10 -26 1 0 0 0 0 -1 0 1 0 2412A.DAT
0
0 FILE OZTbody.ldr
0 ROTATION CENTER 0 0 0 1 "Custom" 
0 ROTATION CONFIG 0 0
1 0 0 0 0 1 0 0 0 1 0 0 0 1 2654.DAT
1 0 -10 -8 0 0 0 1 0 1 0 -1 0 0 3023.DAT
1 0 -10 -16 -10 1 0 0 0 1 0 0 0 1 6019.DAT
1 0 -10 -16 10 -1 0 0 0 1 0 0 0 -1 6019.DAT
1 0 -10 -24 0 0 0 1 0 1 0 -1 0 0 3023.DAT
1 503 -37 -14 -30 0 -1 0 1 0 0 0 0 1 38.DAT
1 503 -37 -14 30 0 -1 0 1 0 0 0 0 1 38.DAT
1 0 10 -24 0 0 0 -1 0 1 0 1 0 0 3747.DAT
1 46 -30 0 10 1 0 0 0 1 0 0 0 1 4073.DAT
1 46 -30 0 -10 1 0 0 0 1 0 0 0 1 4073.DAT
1 0 -30 -24 0 0 0 1 0 1 0 -1 0 0 3660.DAT
1 0 -30 -32 0 0 0 1 0 1 0 -1 0 0 2419.DAT
1 0 30 -32 0 0 0 -1 0 1 0 1 0 0 2419.DAT
1 0 0 -56 -50 1 0 0 0 1 0 0 0 1 3700.DAT
1 0 0 -56 50 1 0 0 0 1 0 0 0 1 3700.DAT
1 0 10 -56 -30 0 0 -1 0 1 0 1 0 0 2357.DAT
1 0 10 -56 30 -1 0 0 0 1 0 0 0 -1 2357.DAT
1 0 -10 -56 0 0 0 1 0 1 0 -1 0 0 4865.DAT
1 0 -40 -40 0 1 0 0 0 1 0 0 0 1 3680.DAT
1 0 30 -40 0 0 0 1 0 1 0 -1 0 0 3023.DAT
1 0 30 -48 -10 1 0 0 0 1 0 0 0 1 4081B.DAT
1 0 30 -48 10 -1 0 0 0 1 0 0 0 -1 4081B.DAT
1 0 30 -56 0 0 0 1 0 1 0 -1 0 0 3023.DAT
1 0 50 -56 0 0 0 -1 0 1 0 1 0 0 3660.DAT
1 0 56 -46 -30 1 0 0 0 0.707107 0.707107 0 -0.707107 0.707107 OZTmachinegun.ldr
1 0 56 -46 30 1 0 0 0 0.707107 -0.707107 0 0.707107 0.707107 OZTmachinegun.ldr
1 0 -40 -40 0 0.965926 0 0.258819 0 1 0 -0.258819 0 0.965926 OZTtail.ldr
1 7 -40 -56 0 1 0 0 0 1 0 0 0 1 3679.DAT
1 0 0 -64 0 1 0 0 0 1 0 0 0 1 3795.DAT
1 0 -50 -72 0 0 0 1 0 1 0 -1 0 0 2540.DAT
1 0 -10 -64 -40 0 0 1 0 1 0 -1 0 0 3023.DAT
1 0 -10 -64 40 0 0 1 0 1 0 -1 0 0 3023.DAT
1 0 -10 -72 -30 0 0 1 0 1 0 -1 0 0 4081B.DAT
1 0 -10 -72 30 0 0 1 0 1 0 -1 0 0 4081B.DAT
1 46 -10 -72 -50 1 0 0 0 1 0 0 0 1 3024.DAT
1 46 -10 -72 50 1 0 0 0 1 0 0 0 1 3024.DAT
1 0 -30 -70 -58 1 0 0 0 0 -1 0 1 0 3062B.DAT
1 0 -30 -70 58 1 0 0 0 0 1 0 -1 0 3062B.DAT
1 0 70 -80 0 0 0 -1 0 1 0 1 0 0 4855.DAT
1 0 20 -72 0 1 0 0 0 1 0 0 0 1 3795.DAT
1 0 -10 -80 0 0 0 1 0 1 0 -1 0 0 3666.DAT
1 6 20 -80 0 0 0 -1 0 1 0 1 0 0 4079.DAT
1 0 70 -80 0 1 0 0 0 1 0 0 0 1 3021.DAT
1 0 30 -80 -40 0 0 -1 0 1 0 1 0 0 6564.DAT
1 0 30 -80 40 0 0 -1 0 1 0 1 0 0 6565.DAT
1 0 -40 -96 0 1 0 0 0 1 0 0 0 1 3941.DAT
1 0 -40 -104 0 1 0 0 0 1 0 0 0 1 4150.DAT
1 0 -10 -104 -40 0 0 1 0 1 0 -1 0 0 3747.DAT
1 0 -10 -104 40 0 0 1 0 1 0 -1 0 0 3747.DAT
1 0 10 -104 -30 1 0 0 0 1 0 0 0 1 3005.DAT
1 0 10 -104 30 1 0 0 0 1 0 0 0 1 3005.DAT
1 0 50 -88 0 0 0 1 0 1 0 -1 0 0 3794.DAT
1 0 70 -88 0 0 0 1 0 1 0 -1 0 0 3794.DAT
1 0 60 -96 0 1 0 0 0 1 0 0 0 1 3023.DAT
1 0 60 -104 0 1 0 0 0 1 0 0 0 1 3794.DAT
1 0 60 -88 -30 1 0 0 0 1 0 0 0 1 3023.DAT
1 0 60 -88 30 1 0 0 0 1 0 0 0 1 3023.DAT
1 0 60 -104 -30 0 0 1 0 1 0 -1 0 0 4595.DAT
1 0 60 -104 30 0 0 1 0 1 0 -1 0 0 4595.DAT
1 0 100 -104 0 1 0 0 0 1 0 0 0 1 3941.DAT
1 0 104 -94 -30 0 0 1 -0.707107 0.707107 0 -0.707107 -0.707107 0 3959.DAT
1 0 104 -94 30 0 0 1 0.707107 0.707107 0 -0.707107 0.707107 0 3959.DAT
1 0 130 -88 0 0 0 -1 0 1 0 1 0 0 2540.DAT
1 0 167.5 -76 -2 0.819152 -0.573576 0 0.573576 0.819152 0 0 0 1 OZTjaw.ldr
1 0 130 -112 -10 0 0 -1 0 1 0 1 0 0 4070.DAT
1 0 130 -112 10 0 0 -1 0 1 0 1 0 0 4070.DAT
1 0 144 -102 0 0 -1 0 0 0 -1 1 0 0 2412A.DAT
1 0 130 -120 0 0 0 -1 0 1 0 1 0 0 2540.DAT
1 0 167.5 -128 2 0.819152 -0.573576 0 -0.573576 -0.819152 0 0 0 -1 OZTjaw.ldr
0 WRITE Next Piece Should Have Round Radar Pattern
1 15 70 -128 0 0 0 1 0 1 0 -1 0 0 3039P23.DAT
1 0 70 -128 0 0 0 -1 0 1 0 1 0 0 2399.DAT
1 0 110 -128 0 1 0 0 0 1 0 0 0 1 3021.DAT
1 0 80 -136 0 1 0 0 0 1 0 0 0 1 4032.DAT
1 0 70 -144 0 0 0 1 0 1 0 -1 0 0 3023.DAT
1 0 70 -152 0 0 0 -1 0 1 0 1 0 0 6069.DAT
1 0 70 -160 0 0 0 1 0 1 0 -1 0 0 3794.DAT
1 46 70 -168 0 1 0 0 0 1 0 0 0 1 3070A.DAT
1 0 20 -112 -30 1 0 0 0 1 0 0 0 1 2431.DAT
1 0 20 -112 30 1 0 0 0 1 0 0 0 1 2431.DAT
1 0 -70 -128 -40 0 0 -1 0 1 0 1 0 0 4856.DAT
1 0 -70 -128 40 0 0 -1 0 1 0 1 0 0 4856.DAT
1 0 -10 -112 -50 1 0 0 0 1 0 0 0 1 3024.DAT
1 0 -10 -112 50 1 0 0 0 1 0 0 0 1 3024.DAT
1 0 -50 -120 -30 1 0 0 0 1 0 0 0 1 3623.DAT
1 0 -50 -120 30 1 0 0 0 1 0 0 0 1 3623.DAT
1 0 -40 -120 -50 1 0 0 0 1 0 0 0 1 3710.DAT
1 0 -40 -120 50 1 0 0 0 1 0 0 0 1 3710.DAT
1 0 -60 -128 -40 1 0 0 0 1 0 0 0 1 3020.DAT
1 0 -60 -128 40 1 0 0 0 1 0 0 0 1 3020.DAT
1 0 -10 -128 -50 1 0 0 0 1 0 0 0 1 3024.DAT
1 0 -10 -128 50 1 0 0 0 1 0 0 0 1 3024.DAT
1 0 40 -104 -48 1 0 0 0 0 -1 0 1 0 3020.DAT
1 0 40 -104 48 1 0 0 0 0 1 0 -1 0 3020.DAT
1 0 20 -104 -56 1 0 0 0 0 -1 0 1 0 3068B.DAT
1 0 20 -104 56 1 0 0 0 0 1 0 -1 0 3068B.DAT
1 0 50 -114 -56 1 0 0 0 0 -1 0 1 0 4073.DAT
1 0 50 -94 -56 1 0 0 0 0 -1 0 1 0 4073.DAT
1 0 50 -94 56 1 0 0 0 0 1 0 -1 0 4073.DAT
1 0 50 -114 56 1 0 0 0 0 1 0 -1 0 4073.DAT
1 0 70 -104 -56 0 0 1 1 0 0 0 1 0 2412A.DAT
1 0 70 -104 56 0 0 1 -1 0 0 0 -1 0 2412A.DAT
1 0 -130 -136 -40 0 0 1 0 1 0 -1 0 0 2540.DAT
1 0 -130 -136 40 0 0 1 0 1 0 -1 0 0 2540.DAT
1 0 -130 -144 -30 1 0 0 0 1 0 0 0 1 3957.DAT
1 0 -130 -144 30 1 0 0 0 1 0 0 0 1 3957.DAT
1 46 -130 -144 -50 1 0 0 0 1 0 0 0 1 4073.DAT
1 46 -130 -144 50 1 0 0 0 1 0 0 0 1 4073.DAT
1 0 -165.5 -121.25 -40 0.707107 0.707107 0 -0.707107 0.707107 0 0 0 1 OZTSRM3.ldr
1 0 -165.5 -121.25 40 0.707107 0.707107 0 -0.707107 0.707107 0 0 0 1 OZTSRM3.ldr
1 0 -100 -152 -40 1 0 0 0 1 0 0 0 1 3941.DAT
1 0 -100 -152 40 1 0 0 0 1 0 0 0 1 3941.DAT
1 0 -100 -148 -40 0 -1 0 1 0 0 0 0 1 3704.DAT
1 0 -100 -148 40 0 -1 0 1 0 0 0 0 1 3704.DAT
1 0 -100 -160 -40 -1 0 0 0 -1 0 0 0 1 4032.DAT
1 0 -100 -160 40 -1 0 0 0 -1 0 0 0 1 4032.DAT
1 0 -100 -168 -40 -1 0 0 0 -1 0 0 0 1 2654.DAT
1 0 -100 -168 40 -1 0 0 0 -1 0 0 0 1 2654.DAT
1 0 -70 -152 0 0 0 1 0 1 0 -1 0 0 3008.DAT
1 0 -70 -160 -60 0 0 1 0 1 0 -1 0 0 3023.DAT
1 0 -70 -160 60 0 0 1 0 1 0 -1 0 0 3023.DAT
1 0 -70 -160 0 0 0 1 0 1 0 -1 0 0 2431.DAT
1 0 -70 -184 0 0 0 1 0 1 0 -1 0 0 6140.DAT
1 0 -70 -168 -70 1 0 0 0 1 0 0 0 1 4073.DAT
1 0 -70 -168 70 1 0 0 0 1 0 0 0 1 4073.DAT
1 0 -50 -152 0 0 0 1 0 1 0 -1 0 0 3009.DAT
1 0 -30 -136 0 0 0 1 0 1 0 -1 0 0 3666.DAT
1 0 -30 -144 -20 0 0 1 0 1 0 -1 0 0 3794.DAT
1 0 -30 -144 20 0 0 1 0 1 0 -1 0 0 3794.DAT
1 0 -30 -144 -50 1 0 0 0 1 0 0 0 1 3024.DAT
1 0 -30 -144 50 1 0 0 0 1 0 0 0 1 3024.DAT
1 0 -30 -152 0 0 0 1 0 1 0 -1 0 0 3623.DAT
1 46 -30 -152 -50 1 0 0 0 1 0 0 0 1 3024.DAT
1 46 -30 -152 50 1 0 0 0 1 0 0 0 1 3024.DAT
1 0 -10 -152 -50 0 0 1 0 1 0 -1 0 0 6541.DAT
1 0 -10 -152 50 0 0 1 0 1 0 -1 0 0 6541.DAT
1 0 0 -142 -50 0 1 0 -1 0 0 0 0 1 3062B.DAT
1 0 0 -142 50 0 1 0 -1 0 0 0 0 1 3062B.DAT
1 0 -20 -152 -70 1 0 0 0 1 0 0 0 1 2743.DAT
1 0 -20 -152 70 1 0 0 0 1 0 0 0 1 2743.DAT
1 0 -50 -160 0 0 0 1 0 1 0 -1 0 0 4162.DAT
1 0 -20 -160 -50 1 0 0 0 1 0 0 0 1 2412A.DAT
1 0 -20 -160 50 1 0 0 0 1 0 0 0 1 2412A.DAT
1 0 -30 -160 -20 1 0 0 0 1 0 0 0 1 2555.DAT
1 0 -30 -160 20 1 0 0 0 1 0 0 0 1 2555.DAT
1 0 -30 -160 0 1 0 0 0 1 0 0 0 1 2555.DAT
1 0 -30 -168 -70 -0.707107 0 0.707107 0 1 0 -0.707107 0 -0.707107 4735.DAT
1 0 -30 -168 70 0.707107 0 0.707107 0 1 0 -0.707107 0 0.707107 4735.DAT
1 0 12 -96 0 1 0 0 0 1 0 0 0 1 OZTpilot.ldr
1 0 -10 -164 0 1 0 0 0 1 0 0 0 1 OZThatch.ldr
1 0 -62 -158.25 -111.5 0.933013 -0.258819 0.25 0.25 0.965926 0.0669873 -0.258819 0 0.965926 OZTarmR.ldr
1 0 -62 -158.25 111.5 0.933013 -0.258819 -0.25 0.25 0.965926 -0.0669873 0.258819 0 0.965926 OZTarmL.ldr
1 0 75 223.75 -99 0.933013 0.258819 0.25 -0.25 0.965926 -0.0669873 -0.258819 0 0.965926 OZTfootR.ldr
1 0 75 223.75 99 0.933013 0.258819 -0.25 -0.25 0.965926 0.0669873 0.258819 0 0.965926 OZTfootL.ldr
0
0 FILE OZTfinger.ldr
0 ROTATION CENTER 0 0 0 1 "Custom" 
0 ROTATION CONFIG 0 0
1 0 0 0 0 0 -1 0 1 0 0 0 0 1 2433.DAT
1 0 8 0 0 0 -1 0 0 0 1 -1 0 0 2555.DAT
1 503 14 1 0 0 0 -1 0 -1 0 -1 0 0 37.DAT
0
0 FILE OZTfootbrace.ldr
0 ROTATION CENTER 0 0 0 1 "Custom" 
0 ROTATION CONFIG 0 0
1 0 0 0 0 1 0 0 0 1 0 0 0 1 3623.DAT
1 0 -10 -8 0 -1 0 0 0 1 0 0 0 -1 4275.DAT
1 0 20 -8 0 0 0 -1 0 1 0 1 0 0 6019.DAT
1 0 10 -16 0 1 0 0 0 1 0 0 0 1 2412A.DAT
1 46 -20 -16 0 1 0 0 0 1 0 0 0 1 4073.DAT
0
0 FILE OZTfootL.ldr
0 ROTATION CENTER 0 0 0 1 "Custom" 
0 ROTATION CONFIG 0 0
1 0 0 0 0 1 0 0 0 1 0 0 0 1 3022.DAT
1 0 10 -8 0 0 0 -1 0 1 0 1 0 0 4590.DAT
1 0 -10 -24 10 0 0 1 0 1 0 -1 0 0 2921.DAT
1 0 -10 -24 -10 0 0 1 0 1 0 -1 0 0 2921.DAT
1 0 10 -16 0 0 0 -1 0 1 0 1 0 0 2540.DAT
1 0 -10 -32 0 0 0 1 0 1 0 -1 0 0 2452.DAT
1 0 -10 -40 0 0 0 1 0 1 0 -1 0 0 3069B.DAT
1 0 47.5 -4 -16 0.819152 -0.573576 0 0.573576 0.819152 0 0 0 1 OZTtoe.ldr
1 0 47.5 -4 16 0.819152 -0.573576 0 0.573576 0.819152 0 0 0 1 OZTtoe.ldr
1 0 -84.5 2 -35.5 0.906308 0 -0.422618 0 1 0 0.422618 0 0.906308 OZTheelR.ldr
1 0 -84.5 2 35.5 0.906308 0 0.422618 0 1 0 -0.422618 0 0.906308 OZTheelL.ldr
1 0 -18 -121.5 0 0.173648 -0.984808 0 0.984808 0.173648 0 0 0 1 OZTshinL.ldr
1 0 28.75 -54.25 0 -0.117537 -0.993068 0 0.993068 -0.117537 0 0 0 1 OZTfootbrace.ldr
1 0 17 -116.5 0 0 0.559193 0.829038 0 -0.829038 0.559193 1 0 0 2880.DAT
1 0 -8.75 -280 -12 -1 0 0 0 1 0 0 0 -1 6048.DAT
1 0 -12 -280 -35 0.965926 0 0.258819 0 1 0 -0.258819 0 0.965926 6217.DAT
0
0 FILE OZTfootR.ldr
0 ROTATION CENTER 0 0 0 1 "Custom" 
0 ROTATION CONFIG 0 0
1 0 0 0 0 1 0 0 0 1 0 0 0 1 3022.DAT
1 0 10 -8 0 0 0 -1 0 1 0 1 0 0 4590.DAT
1 0 -10 -24 10 0 0 1 0 1 0 -1 0 0 2921.DAT
1 0 -10 -24 -10 0 0 1 0 1 0 -1 0 0 2921.DAT
1 0 10 -16 0 0 0 -1 0 1 0 1 0 0 2540.DAT
1 0 -10 -32 0 0 0 1 0 1 0 -1 0 0 2452.DAT
1 0 -10 -40 0 0 0 1 0 1 0 -1 0 0 3069B.DAT
1 0 47.5 -4 -16 0.819152 -0.573576 0 0.573576 0.819152 0 0 0 1 OZTtoe.ldr
1 0 47.5 -4 16 0.819152 -0.573576 0 0.573576 0.819152 0 0 0 1 OZTtoe.ldr
1 0 -84.5 2 -35.5 0.906308 0 -0.422618 0 1 0 0.422618 0 0.906308 OZTheelR.ldr
1 0 -84.5 2 35.5 0.906308 0 0.422618 0 1 0 -0.422618 0 0.906308 OZTheelL.ldr
1 0 -18 -121.5 0 0.173648 -0.984808 0 0.984808 0.173648 0 0 0 1 OZTshinR.ldr
1 0 28.75 -54.25 0 -0.117537 -0.993068 0 0.993068 -0.117537 0 0 0 1 OZTfootbrace.ldr
1 0 17 -116.5 0 0 0.559193 0.829038 0 -0.829038 0.559193 1 0 0 2880.DAT
1 0 -8.75 -280 12 1 0 0 0 1 0 0 0 1 6048.DAT
1 0 -12 -280 35 -0.965926 0 0.258819 0 1 0 -0.258819 0 -0.965926 6217.DAT
0
0 FILE OZThatch.ldr
0 ROTATION CENTER 0 0 0 1 "Custom" 
0 ROTATION CONFIG 0 0
1 0 0 0 0 0 0 1 0 -1 0 1 0 0 2540.DAT
1 0 30 8 0 -1 0 0 0 -1 0 0 0 1 4854.DAT
1 0 10 32 -30 1 0 0 0 -1 0 0 0 -1 4865.DAT
1 0 50 32 -30 1 0 0 0 -1 0 0 0 -1 4865.DAT
1 0 50 32 30 -1 0 0 0 -1 0 0 0 1 4865.DAT
1 0 10 32 30 -1 0 0 0 -1 0 0 0 1 4865.DAT
1 0 60 0 0 0 0 1 0 -1 0 1 0 0 3794.DAT
1 0 10 -16 0 -1 0 0 0 -1 0 0 0 1 2654.DAT
1 0 50 -16 0 -1 0 0 0 -1 0 0 0 1 2654.DAT
1 0 60 8 0 0.965926 0 0.258819 0 -1 0 0.258819 0 -0.965926 OZTlever2.ldr
0
0 FILE OZTheelL.ldr
0 ROTATION CENTER 0 0 0 1 "Custom" 
0 ROTATION CONFIG 0 0
1 0 0 0 0 0 0 1 0 -1 0 1 0 0 2825.DAT
1 0 30 0 0 -1 0 0 0 1 0 0 0 -1 2540.DAT
1 0 40 -10 0 0 0 1 0 -1 0 1 0 0 3665.DAT
0
0 FILE OZTheelR.ldr
0 ROTATION CENTER 0 0 0 1 "Custom" 
0 ROTATION CONFIG 0 0
1 0 0 0 0 0 0 1 0 -1 0 1 0 0 2825.DAT
1 0 30 0 0 1 0 0 0 1 0 0 0 1 2540.DAT
1 0 40 -10 0 0 0 1 0 -1 0 1 0 0 3665.DAT
0
0 FILE OZTjaw.ldr
0 ROTATION CENTER 0 0 0 1 "Custom" 
0 ROTATION CONFIG 0 0
1 0 0 0 0 0 0 1 0 1 0 -1 0 0 6019.DAT
1 0 0 -8 0 0 0 -1 0 1 0 1 0 0 4081B.DAT
1 0 20 -6 -12 1 0 0 0 0 -1 0 1 0 2555.DAT
1 0 20 -6 12 1 0 0 0 0 1 0 -1 0 2555.DAT
1 503 20 -2 -18 0 0 -1 0 1 0 1 0 0 37.DAT
1 503 20 -2 18 0 0 -1 0 1 0 1 0 0 37.DAT
0
0 FILE OZTleg.ldr
0 ROTATION CENTER 0 0 0 1 "Custom" 
0 ROTATION CONFIG 0 0
1 0 0 0 0 1 0 0 0 1 0 0 0 1 3710.DAT
1 0 -40 -24 0 -1 0 0 0 1 0 0 0 -1 2744.DAT
1 0 40 -24 0 1 0 0 0 1 0 0 0 1 2743.DAT
1 0 0 -32 0 1 0 0 0 1 0 0 0 1 2431.DAT
1 0 -90 8 0 0 0 1 0 1 0 -1 0 0 3665.DAT
1 0 -70 8 0 0 0 -1 0 1 0 1 0 0 4287.DAT
1 0 -20 -14 0 0 0 1 0 1 0 -1 0 0 3705.DAT
1 7 -20 -14 -15 1 0 0 0 1 0 0 0 1 4265C.DAT
1 7 -20 -14 15 1 0 0 0 1 0 0 0 1 4265C.DAT
1 7 -20 -14 -35 1 0 0 0 1 0 0 0 1 4265C.DAT
1 7 -20 -14 35 1 0 0 0 1 0 0 0 1 4265C.DAT
0
0 FILE OZTlever1.ldr
0 ROTATION CENTER 0 0 0 1 "Custom" 
0 ROTATION CONFIG 0 0
1 0 0 0 0 1 0 0 0 1 0 0 0 1 4592.DAT
1 0 0 -2 0 1 0 0 0 0.707107 -0.707107 0 0.707107 0.707107 4593.DAT
0
0 FILE OZTlever2.ldr
0 ROTATION CENTER 0 0 0 1 "Custom" 
0 ROTATION CONFIG 0 0
1 4 0 0 0 1 0 0 0 1 0 0 0 1 4592.DAT
1 14 0 -2 0 1 0 0 0 0.766044 -0.642788 0 0.642788 0.766044 4593.DAT
0
0 FILE OZTmachinegun.ldr
0 ROTATION CENTER 0 0 0 1 "Custom" 
0 ROTATION CONFIG 0 0
1 0 0 0 0 0 0 1 0 1 0 -1 0 0 4349.DAT
1 0 0 12 0 1 0 0 0 1 0 0 0 1 3062B.DAT
1 46 0 36 0 1 0 0 0 1 0 0 0 1 4073.DAT
0
0 FILE OZTpilot.ldr
0 ROTATION CENTER 0 0 0 1 "Custom" 
0 ROTATION CONFIG 0 0
1 0 0 -5 0 0 0 1 0 1 0 -1 0 0 970.DAT
1 2 0 7 0 0 1 0 0 0 1 1 0 0 971.DAT
1 2 0 7 0 0 1 0 0 0 1 1 0 0 972.DAT
1 2 0 -37 0 0 0 -1 0 1 0 1 0 0 973PS1.DAT
1 2 0.20101 -27.799 0 0 0.707107 -0.707107 0 0.707107 0.707107 1 0 0 975.DAT
1 2 -0.000749826 -27.9038 0 0 0.866026 -0.5 0 0.5 0.866026 1 0 0 976.DAT
1 0 26.364 -24.2635 -22 -1 0 0 0 1 0 0 0 -1 977.DAT
1 0 26.2551 -31.0015 20.9999 -0.965926 0.224144 0.12941 0.258819 0.836517 0.482963 0 0.5 -0.866026 977.DAT
1 14 0 -61 0 0 0 -1 0 1 0 1 0 0 3626BP01.DAT
1 8 0 -62 0 0 0 -1 0 1 0 1 0 0 2446.DAT
1 46 0 -62 0 0 0 -1 0 1 0 1 0 0 2447.DAT
0
0 FILE OZTshinL.ldr
0 ROTATION CENTER 0 0 0 1 "Custom" 
0 ROTATION CONFIG 0 0
1 0 0 0 0 1 0 0 0 1 0 0 0 1 3702.DAT
1 0 60 24 0 1 0 0 0 1 0 0 0 1 4276.DAT
1 0 -20 24 0 1 0 0 0 1 0 0 0 1 3666.DAT
1 0 -50 32 0 0 0 1 0 1 0 -1 0 0 2449.DAT
1 0 -30 32 0 0 0 -1 0 1 0 1 0 0 3665.DAT
1 0 -50 -8 0 1 0 0 0 1 0 0 0 1 3623.DAT
1 0 -40 -16 0 1 0 0 0 1 0 0 0 1 3023.DAT
1 0 -70 -16 0 1 0 0 0 1 0 0 0 1 4073.DAT
1 0 -40 -40 0 1 0 0 0 1 0 0 0 1 3700.DAT
1 0 60 -8 0 1 0 0 0 1 0 0 0 1 3069B.DAT
1 0 20 -16 0 -1 0 0 0 1 0 0 0 -1 4531.DAT
1 7 60 10 10 0 0 -1 0 1 0 1 0 0 4274.DAT
1 7 40 10 10 0 0 -1 0 1 0 1 0 0 4274.DAT
1 7 20 10 10 0 0 -1 0 1 0 1 0 0 4274.DAT
1 7 -40 10 10 0 0 -1 0 1 0 1 0 0 4274.DAT
1 0 50 10 18 1 0 0 0 0 1 0 -1 0 2412A.DAT
1 0 -10 20 26 -1 0 0 0 0 -1 0 -1 0 4590.DAT
1 0 -10 20 18 -1 0 0 0 0 -1 0 -1 0 2540.DAT
1 0 -20 20 34 1 0 0 0 0 1 0 -1 0 2555.DAT
1 0 0 20 34 1 0 0 0 0 1 0 -1 0 2555.DAT
1 503 -20 47 40 1 0 0 0 1 0 0 0 1 38.DAT
1 503 0 47 40 1 0 0 0 1 0 0 0 1 38.DAT
1 0 -60 10 0 0 0 1 0 1 0 -1 0 0 32062.DAT
1 0 -40 -30 0 0 0 1 0 1 0 -1 0 0 6558.DAT
1 0 -60 -30 -15 0 0 1 1 0 0 0 1 0 2905.DAT
1 0 -60 -30 15 0 0 1 1 0 0 0 1 0 2905.DAT
1 0 -60 -70 0 0 0 1 0 1 0 -1 0 0 32062.DAT
1 0 -93 -43.5 0 0.942641 0.333807 0 -0.333807 0.942641 0 0 0 1 OZTleg.ldr
1 0 -78.5 -40 -25 0.25038 0 -0.968148 -0.968148 0 -0.25038 0 1 0 32017.DAT
1 0 -78.5 -40 25 0.25038 0 -0.968148 -0.968148 0 -0.25038 0 1 0 32017.DAT
0
0 FILE OZTshinR.ldr
0 ROTATION CENTER 0 0 0 1 "Custom" 
0 ROTATION CONFIG 0 0
1 0 0 0 0 1 0 0 0 1 0 0 0 1 3702.DAT
1 0 60 24 0 1 0 0 0 1 0 0 0 1 4276.DAT
1 0 -20 24 0 1 0 0 0 1 0 0 0 1 3666.DAT
1 0 -50 32 0 0 0 1 0 1 0 -1 0 0 2449.DAT
1 0 -30 32 0 0 0 -1 0 1 0 1 0 0 3665.DAT
1 0 -50 -8 0 1 0 0 0 1 0 0 0 1 3623.DAT
1 0 -40 -16 0 1 0 0 0 1 0 0 0 1 3023.DAT
1 0 -70 -16 0 1 0 0 0 1 0 0 0 1 4073.DAT
1 0 -40 -40 0 1 0 0 0 1 0 0 0 1 3700.DAT
1 0 60 -8 0 1 0 0 0 1 0 0 0 1 3069B.DAT
1 0 20 -16 0 -1 0 0 0 1 0 0 0 -1 4531.DAT
1 7 60 10 -10 0 0 1 0 1 0 -1 0 0 4274.DAT
1 7 40 10 -10 0 0 1 0 1 0 -1 0 0 4274.DAT
1 7 20 10 -10 0 0 1 0 1 0 -1 0 0 4274.DAT
1 7 -40 10 -10 0 0 1 0 1 0 -1 0 0 4274.DAT
1 0 50 10 -18 1 0 0 0 0 -1 0 1 0 2412A.DAT
1 0 -10 20 -26 1 0 0 0 0 -1 0 1 0 4590.DAT
1 0 -10 20 -18 1 0 0 0 0 -1 0 1 0 2540.DAT
1 0 -20 20 -34 1 0 0 0 0 -1 0 1 0 2555.DAT
1 0 0 20 -34 1 0 0 0 0 -1 0 1 0 2555.DAT
1 503 -20 47 -40 1 0 0 0 1 0 0 0 1 38.DAT
1 503 0 47 -40 1 0 0 0 1 0 0 0 1 38.DAT
1 0 -60 10 0 0 0 1 0 1 0 -1 0 0 32062.DAT
1 0 -40 -30 0 0 0 1 0 1 0 -1 0 0 6558.DAT
1 0 -60 -30 -15 0 0 1 1 0 0 0 1 0 2905.DAT
1 0 -60 -30 15 0 0 1 1 0 0 0 1 0 2905.DAT
1 0 -60 -70 0 0 0 1 0 1 0 -1 0 0 32062.DAT
1 0 -93 -43.5 0 0.942641 0.333807 0 -0.333807 0.942641 0 0 0 1 OZTleg.ldr
1 0 -78.5 -40 -25 0.25038 0 -0.968148 -0.968148 0 -0.25038 0 1 0 32017.DAT
1 0 -78.5 -40 25 0.25038 0 -0.968148 -0.968148 0 -0.25038 0 1 0 32017.DAT
0
0 FILE OZTSRM3.ldr
0 ROTATION CENTER 0 0 0 1 "Custom" 
0 ROTATION CONFIG 0 0
1 0 0 0 0 0 0 -1 0 1 0 1 0 0 6019.DAT
1 0 -30 0 0 1 0 0 0 1 0 0 0 1 3023.DAT
1 0 0 8 0 0 0 1 0 1 0 -1 0 0 4287.DAT
1 0 -20 -8 0 1 0 0 0 1 0 0 0 1 3623.DAT
1 4 0 -16 0 1 0 0 0 1 0 0 0 1 4073.DAT
1 4 -20 -16 0 1 0 0 0 1 0 0 0 1 4073.DAT
1 4 -40 -16 0 1 0 0 0 1 0 0 0 1 4073.DAT
0
0 FILE OZTtail.ldr
0 ROTATION CENTER 0 0 0 1 "Custom" 
0 ROTATION CONFIG 0 0
1 7 0 0 0 1 0 0 0 1 0 0 0 1 3679.DAT
1 0 -10 -8 0 0 0 1 0 1 0 -1 0 0 2452.DAT
1 0 10 -8 0 0 0 1 0 1 0 -1 0 0 3023.DAT
1 0 0 -16 0 1 0 0 0 1 0 0 0 1 3680.DAT
1 0 -54 14.5 0 0.707107 0.707107 0 -0.707107 0.707107 0 0 0 1 OZTtail1.ldr
0
0 FILE OZTtail1.ldr
0 ROTATION CENTER 0 0 0 1 "Custom" 
0 ROTATION CONFIG 0 0
1 0 0 0 0 1 0 0 0 1 0 0 0 1 4276.DAT
1 0 -20 8 -10 1 0 0 0 1 0 0 0 1 2430.DAT
1 0 10 -8 0 0 0 1 0 1 0 -1 0 0 2555.DAT
1 0 -10 -8 0 0 0 1 0 1 0 -1 0 0 OZTlever1.ldr
1 0 -20 8 -10 0.906308 0 -0.422618 0 1 0 0.422618 0 0.906308 OZTtail2.ldr
0
0 FILE OZTtail2.ldr
0 ROTATION CENTER 0 0 0 1 "Custom" 
0 ROTATION CONFIG 0 0
1 0 0 0 0 1 0 0 0 1 0 0 0 1 2429.DAT
1 0 -20 -8 10 -1 0 0 0 1 0 0 0 -1 4275.DAT
1 0 -10 -16 10 0 0 1 0 1 0 -1 0 0 2555.DAT
1 0 -30 -16 10 0 0 1 0 1 0 -1 0 0 OZTlever1.ldr
1 0 -75.5 -20.25 10 0.906308 -0.422618 0 0.422618 0.906308 0 0 0 1 OZTtail3.ldr
0
0 FILE OZTtail3.ldr
0 ROTATION CENTER 0 0 0 1 "Custom" 
0 ROTATION CONFIG 0 0
1 0 0 0 0 1 0 0 0 1 0 0 0 1 4276.DAT
1 0 -20 8 10 -1 0 0 0 1 0 0 0 -1 2429.DAT
1 0 10 -8 0 0 0 1 0 1 0 -1 0 0 2555.DAT
1 0 -10 -8 0 0 0 1 0 1 0 -1 0 0 OZTlever1.ldr
1 0 -20 8 10 0.906308 0 0.422618 0 1 0 -0.422618 0 0.906308 OZTtail4.ldr
0
0 FILE OZTtail4.ldr
0 ROTATION CENTER 0 0 0 1 "Custom" 
0 ROTATION CONFIG 0 0
1 0 0 0 0 -1 0 0 0 1 0 0 0 -1 2430.DAT
1 0 -20 -8 -10 -1 0 0 0 1 0 0 0 -1 4275.DAT
1 0 -10 -16 -10 0 0 1 0 1 0 -1 0 0 2555.DAT
1 0 -30 -16 -10 0 0 1 0 1 0 -1 0 0 OZTlever1.ldr
1 0 -78.5 -13 -10 0.906308 -0.422618 0 0.422618 0.906308 0 0 0 1 OZTtail5.ldr
0
0 FILE OZTtail5.ldr
0 ROTATION CENTER 0 0 0 1 "Custom" 
0 ROTATION CONFIG 0 0
1 0 0 0 0 -1 0 0 0 1 0 0 0 -1 4276.DAT
1 0 0 -8 0 1 0 0 0 1 0 0 0 1 4276.DAT
1 0 10 -16 0 0 0 1 0 1 0 -1 0 0 2555.DAT
1 0 -10 -16 0 0 0 1 0 1 0 -1 0 0 OZTlever1.ldr
1 0 -62.5 -11 0 0.906308 -0.422618 0 0.422618 0.906308 0 0 0 1 OZTtail6.ldr
0
0 FILE OZTtail6.ldr
0 ROTATION CENTER 0 0 0 1 "Custom" 
0 ROTATION CONFIG 0 0
1 0 0 0 0 0 1 0 -1 0 0 0 0 1 2433.DAT
1 0 -24 0 0 0 1 0 -1 0 0 0 0 1 4589.DAT
1 503 0 0 0 0 1 0 -1 0 0 0 0 1 38.DAT
0
0 FILE OZTtoe.ldr
0 ROTATION CENTER 0 0 0 1 "Custom" 
0 ROTATION CONFIG 0 0
1 0 0 0 0 0 0 1 0 1 0 -1 0 0 6019.DAT
1 0 0 -8 0 0 0 1 0 1 0 -1 0 0 2555.DAT
1 503 -14 -14 0 0 -1 0 1 0 0 0 0 1 38.DAT
0 
0
0
